150976405401795
359112804562531
353799721760506
745433922316435
815181575341669
1881168775271115
1607752709279391
1715577261830268
1603549036366425
125211264886824
344857375988074
731831280343366
135308507210433
731092073750620
125215928219691
150964578736311
142127436528540
150973092068793
127908914617059
121392885268662
483966508669337
2028470694146374
127902394617711
1883145711740088
1616406195080709
154639121702190
1788124917908835
522357764817277
150967065402729
150968492069253
150965178736251
1100813433355402
727108440815650
134525530622064
1679318805456114
1605185429536119
2006612949665482
150967888735980
1962441937361490
118899445518006
126275684780382
310241652782980
134600483947902
117515398989744
*end_of_compilation*
2081337221911162
2038388993154544
1565987530122576
736878303171997
150967772069325
729355107257650
378439989296479
377665396040605
1594447973943198
2004458766547567
440686993071778
1672362622818399
745434828983011
433428040464340
1988112068182237
1719410504780277
1597617350292927
1692991754088819
958834064281168
150977362068366
724879874371840
161312444575031
2031846330475477
143261606380115
1794811247240202
116743045733646
113406009400683
136279813779969
1810160692371924
1776929425695051
418432541963890
728593634000464
136279430446674
115229652551652
116916682382949
724178331108661
1957739504498400
*end_of_compilation*
428864807512841
141096953056407
724884421038052
139319519900817
139319999900769
148414428991326
156073788432230
150974645401971
745431855649975
343519896121822
1939738072965210
1837052019682791
301228163684329
141103576389078
139317206567715
1941174902821527
141983232967779
139317966567639
1781996171855043
139323393233763
446159382450050
292838001190012
1425469517531231
139322653233837
1053189448117801
306453469828465
139316823234420
2014751832184927
1424715467606636
118837778857506
582615308791522
300730377067441
141097616389674
1344327225680196
296392667501212
143739112792191
296395734167572
143141719518597
1024798654290214
*end_of_compilation*
1918220458416867
1894735480581111
835550389942870
271723446634801
141106029722166
148618912546059
832372186927357
144662826033153
1369725789772271
115424385865512
132636143902488
1656277697760225
1419470151472163
1615813348473327
1832346080153385
1223110844458993
1917262775212740
864189460398761
1917276798544671
378046332669178
407434759655846
988868447883235
141102693055833
141591436340292
1183081785128566
1375412302536953
1800209616700365
1821774451200775
1482106721808263
273353913138421
126164671216302
271724836634662
420280041779140
1299147823521987
2034597596867017
132632523902850
1372820232796160
896083977223095
125151007984335
909929572505202
885423591622467
883427268488766
*end_of_compilation*
1845183042203022
1701023446580674_1804892936193724
1464384576913811
1639352969452698
406776899796121
1999821873677923
1473529825999286
2020472468279530
413699672437177
814160578748518
2021307931529317
1056744387823719
768124263380734
977547709076470
389216941552117
1462658137086455
1466376540047948
727102894149538
1748195855235075
799396240224952
407435746322414
1768257903228870
1776157715772222
1852269648161028
1305606526184198
1617641688290493
376504999415489
175127519860190
1299130593523710
1762179803836680
191157414717027
1577293202315569
1825052057757102
1917189871853259
1465662993452636
1362965077122671
1305138079564376
1458432567509012
1701023446580674_1804859776197040
*end_of_compilation*
1524190437625846
114979495910001
1500520539992836
1347925168668741
1659227477465247
390993721374439
1701023446580674_1797007030315648
1701023446580674_1785586104791074
162614457813171
1894467470607912
150961185403317
1701023446580674_1767101076639577
1701023446580674_1785585141457837
1701023446580674_1787391264610558
130788390995778
1701023446580674_1811526725530345
1701023446580674_1767132563303095
369716730168805
1701023446580674_1794089210607430
1701023446580674_1775094552506896
1270833636328154
1721378184583509
746090092250818
1985905125069598
1701023446580674_1790396830976668
364457917361353
1495194463858777
1504979429546947
409089082898236
364037517403393
1685898288131499
1701023446580674_1794089493940735
1810541999000460
1701023446580674_1794102257272792
1701023446580674_1767117793304572
1255962704481914
1701023446580674_1774438289239189
1701023446580674_1790402850976066
1270010896410428
1701023446580674_1776458902370461
1701023446580674_1764909840192034
*end_of_compilation*
1802543589800301
1701023446580674_1762953230387695
2037695943218735
1666379043416757
746089202250907
1832195740168419
736200996573061
1701023446580674_1774430812573270
1701023446580674_1764882480194770
1701023446580674_1799665013383183
1857632877624705
228416971232919
1698937526827575
2019943784999065
383576172116194
2042828469377263
1701023446580674_1763871403629211
132634707235965
1821807101197510
2009713076022136
1997889517150065
1785472288174098
1521033871274836
1464765313542404
140931346406301
1797427943645199
1701023446580674_1795984717084546
1701023446580674_1797008543648830
1701023446580674_1762952183721133
1701023446580674_1763882910294727
1701023446580674_1764900373526314
1701023446580674_1774440259238992
1701023446580674_1759581317391553
*end_of_compilation*
758494260981817
452235431916934
1846726248715368
343610262779452
434230380384106
1701023446580674_1719331231416562
1855877871133539
767180146808479
1701023446580674_1721627864520232
1701023446580674_1716773028339049
1701023446580674_1716758731673812
1488389921205898
1701023446580674_1723849040964781
378088979331580
2039003899759720
1838878019500191
1701023446580674_1715421015140917
774941639365663
2047306398647578
1822486911139302
1701023446580674_1742210902461928
138495223523420
2036833806643396
1701023446580674_1718294608186891
1868873769833949
889836931119721
1701023446580674_1758449297504755
1843076812413645
1478342715543952
1701023446580674_1759577890725229
1562168933827996
1701023446580674_1718289604854058
1701023446580674_1751221041560914
403381323469012
1890701710984488
2035509783442465
1471522086226015
1701023446580674_1715418101807875
1701023446580674_1722637701085915
1485823891462501
1245690162175835
1701023446580674_1722628627753489
375582682811898
*end_of_compilation*
836259553233871
2029634317363345
2022679841392126
433409467132864
1788476611206999
319014188572393
1713710808683580
2039459086380868
2027834470876663
1779357558785571
1760400057347988
172629183443357
2021556781504432
2013382598988517
409473746193103
2045685872419742
1228669827236428
1701023446580674_1723849430964742
1679318688789459
354458208361324
301055283701617
1804101902977803
409474576193020
937412766362137
1780928055295188
933984306704983
2033526030307507
580531705666549
1701023446580674_1758473884168963
1490188387692718
1297246453694534
1701023446580674_1794058673943817
1701023446580674_1802045286478489
1871469169792101
931124186990995
1231698960241622
*end_of_compilation*
405062829967528
1749828885071772
1752236354831025
760245567501937
2010353605958083
394547107685767
2053182118336784
1709606575760670
2006901342969976
1745357572185570
1752346381486689
380593669081111
2003369056656538
1612208495500479
1757589334295727
2026299307691732
1965667526811466
2038848833108560
1892237970821089
1299149023521867
173322313409052
1318997424894849
756019487924545
762975280562299
756020291257798
1597820940272568
1118684674901611
760252054167955
1598919563496039
150960025403433
*end_of_compilation*
1710608472327147
1997469507246493
774942209365606
1706018216119506
743398589186635
1699952310059430
1856901091031217
1198571333579611
1839064216148238
2004854119841365
1730792890308705
385173335289811
2027897284203715
385173151956496
383968632076948
1737675366287124
1431363113658279
1988768128116631
1739009399487054
1720575304663797
1890505194337473
1651147201606608
740362382823589
743396042520223
809012839309681
736885213171306
1569536926434303
736878586505302
*end_of_compilation*
1783238881938420
1686040374783957
1701023446580674_1723847620964923
1701023446580674_1714508328565519
1288550297897483
1687137148007613
1701023446580674_1707536202596065
1861292250592101
141105789722190
1661025410618787
1561361247242098
370567730083705
1701404153247579
1701023446580674_1708660905816928
148640535877230
1703337423054252
1701023446580674_1714511265231892
419054465160542
161001081272834
1701023446580674_1709870509029301
367414490399029
727103340816160
147291339310475
1233760916702093
1825508187503841
1683767881677873
375540819482751
361962990944179
883256071777807
1777287388992588
519264158472905
845657075645257
1196164807163106
1701023446580674_1705693562780329
1701023446580674_1718262051523480
1231778826900302
371299636573536
1701023446580674_1704204332929252
*end_of_compilation*
1629432933778035
1644255908962404
1969213070017710
1680956458625682
143063333066609
352865008520644
352864641854014
1631366550251340
1623853244336004
1993167607676683
731830540343440
129994011075216
2028150470845063
956005387897369
349928658814279
349950318812113
820353831491110
1647041398683855
1698937676827560
1844310045613882
356268694846942
729356097257551
730360843823743
127907357950548
731829587010202
1521046147950048
148619945879289
1514946938559969
*end_of_compilation*
1797704550284205
1852722318115761
2021322837912601
1026789080757838
774676459392181
1642047142516614
346481445825667
1593124960742166
1714495991938395
1679901665397828
357901154683696
1941073869270832
1967937739917778
176922102807225
370221506784994
138508556855420
1788641884523805
436445996754722
1631707446883917
2026290031031107
416244875515990
770577639802063
926139267550899
419035671829088
1005488532887893
879744538843253
412882505777738
1003140593122687
132635563902546
403448593387796
*end_of_compilation*
1701023446580674_1755390541143964
768837509976076
860003564210608
1701023446580674_1705425782807107
360606671079811
724174284442399
758446841015143
1659072680814060
150975948735174
724881634371664
764576643735496
1618565724864756
767181610141666
1607532989301363
1819657491412471
381979922275819
1984862551840522
2021293874864056
767180760141751
1991753974430286
356989558108189
1677159995671995
342706879536457
1701023446580674_1771596272856724
330334330699223
1701023446580674_1755383811144637
1701023446580674_1704211579595194
148802608952508
1507243372663659
1701023446580674_1714508561898829
1701023446580674_1762959367053748
1701023446580674_1702033683146317
*end_of_compilation*
164377557636861
1767232416872400
873719912731423
1832589177029614
744759869050507
1623853337669328
1676873845700610
1240459666000384
324997161232940
1991717387767278
133562107385073
1814697148584945
1248949315151419
771476409712186
1593129920741670
146095959430013
309117529487570
1824653914473627
1856262147946032
1433151026729788
1701023446580674_1781411485208536
1685323444855650
1696631180391543
1233241320055552
2055069858148010
1194413290636856
853184598118288
1770974169623910
1388630337881816
1993431374262546
757601567766337
844808212289260
775821215916039
1421177944593763
1836042780017587
1236381516408199
1418574844854073
1816415551964130
1240458472667170
1165945910150261
*end_of_compilation*
730363320490162
320147125125766
1760580300663297
743397932520034
2056785107699707
1833588333596365
140657573342193
727103977482763
725755887617572
2036553953338048
740359319490562
376734589467019
376384116168733
150973975402038
2007365456256898
139322143233888
350688345404977
727894864070341
778357229024104
731094263750401
1875297159191610
2037003333293110
148621312545819
2031202093873234
2019750318346631
761229674070193
1710925752295419
724176361108858
1701023446580674_1701985529817799
522973258089061
1701023446580674_1798446540171697
1701023446580674_1758448100838208
1836745926597759
1970080943264256
1827483260798133
*end_of_compilation*
