5564
5565
5565
5566
5566
5566
5566
5566
5566
5566
5567
5567
5581
5582
5583
5583
5583
5583
5583
5583
5583
5583
5583
5583
5583
5583
5583
5584
5584
5584
5584
5584
5584
5584
5585
5585
5586
5586
5586
5586
5586
5586
5586
5586
5586
5587
5587
5587
5587
5589
5590
5591
5592
5593
5593
5593
5594
5594
5594
5594
5595
5596
5596
5596
5596
5596
5597
5597
5598
5598
5599
5599
5600
5600
5600
5600
5600
5600
5600
5600
5601
5601
5603
5603
5604
5605
5605
5605
5606
5606
5606
5606
5606
5606
5606
5606
5606
5606
5606
5607
5607
5607
5607
5608
5608
5609
5609
5609
5609
5609
5609
5609
5609
5609
5609
5609
5609
5610
5611
5611
5611
5611
5612
5612
5612
5612
5612
5612
5612
5612
5612
5612
5612
5612
5612
5612
5613
5613
5613
5613
5613
5613
5613
5613
5615
5615
5615
5615
5615
5615
5615
5615
5615
5615
5615
5615
5616
5616
5616
5617
5617
5617
5617
5617
5617
5617
5617
5617
5617
5617
5617
5617
5617
5617
5617
5617
5617
5618
5618
5618
5618
5618
5618
5618
5618
5618
5618
5618
5618
5618
5619
5619
5619
5619
5619
5619
5619
5619
5619
5619
5619
5619
5619
5619
5619
5619
5619
5619
5620
5620
5620
5620
5630
5630
5630
5630
5630
5630
5630
5630
5630
5630
5630
5630
5630
5630
5630
5630
5631
5631
5631
5632
5632
5632
5632
5632
5632
5632
5632
5633
5633
5633
5633
5634
5635
5635
5636
5637
5637
5637
5637
5638
5638
5638
5638
5638
5638
5638
5638
5638
5638
5638
5638
5638
5638
5638
5638
5638
5638
5638
5639
5639
5639
5639
5639
5639
5639
5639
5639
5639
5639
5639
5639
5639
5639
5639
5639
5639
5639
5639
5639
5639
5639
5639
5639
5639
5639
5639
5639
5639
5639
5639
5639
5639
5639
5639
5639
5639
5639
5639
5639
5639
5639
5639
5639
5639
5639
5639
5639
5639
5639
5639
5639
5639
5639
5640
5640
5640
5640
5640
5640
5640
5640
5640
5640
5640
5640
5640
5640
5640
5640
5640
5640
5640
5640
5640
5640
5641
5641
5641
5641
5641
5641
5641
5641
5641
5641
5641
5641
5641
5641
5641
5641
5641
5641
5641
5641
5641
5642
5643
5643
5644
5644
5645
5648
5648
5649
5649
5649
5649
5649
5649
5649
5649
5649
5649
5649
5649
5649
5649
5649
5649
5651
5651
5651
5651
5651
5651
5651
5651
5652
5652
5653
5653
5653
5655
5656
5656
5658
5659
5659
5660
5660
5660
5660
5662
5662
5662
5662
5662
5663
5663
5663
5664
5664
5664
5665
5665
5665
5665
5665
5665
5665
5665
5665
5665
5665
5665
5665
5665
5665
5665
5665
5666
5666
5666
5666
5667
5668
5668
5669
5670
5672
5672
5672
5673
5673
5673
5673
5673
5674
5674
5674
5674
5675
5675
5677
5677
5677
5678
5681
5681
5682
5682
5682
5682
5683
5683
5683
5691
5691
5692
5692
5693
5693
5693
5693
5693
5694
5695
5696
5696
5697
5698
5698
5699
5699
5699
5699
5699
5699
5699
5699
5699
5699
5699
5699
5699
5699
5699
5699
5699
5699
5699
5699
5699
5699
5699
5699
5699
5699
5699
5699
5699
5699
5699
5699
5699
5699
5699
5699
5699
5699
5699
5699
5699
5699
5699
5699
5699
5699
5699
5700
5700
5700
5700
5700
5700
5700
5700
5700
5700
5700
5700
5700
5700
5700
5700
5700
5700
5700
5700
5700
5700
5700
5700
5700
5700
5700
5700
5700
5700
5700
5700
5700
5700
5700
5700
5700
5700
5700
5700
5700
5700
5700
5700
5700
5700
5700
5700
5700
5700
5700
5700
5700
5700
5700
5700
5700
5700
5700
5700
5700
5700
5700
5700
5700
5700
5700
5700
5700
5700
5700
5700
5700
5700
5700
5700
5700
5700
5700
5700
5700
5700
5700
5700
5700
5700
5700
5700
5700
5700
5700
5700
5700
5700
5700
5700
5700
5700
5700
5700
5700
5700
5700
5700
5700
5700
5700
5700
5700
5700
5700
5700
5700
5700
5700
5700
5700
5700
5700
5700
5700
5700
5700
5700
5700
5700
5700
5700
5700
5700
5700
5700
5700
5700
5700
5700
5700
5700
5700
5700
5700
5700
5700
5700
5700
5700
5700
5700
5700
5700
5700
5700
5700
5700
5700
5700
5700
5700
5700
5700
5700
5700
5700
5700
5700
5700
5700
5700
5700
5700
5700
5700
5700
5700
5700
5700
5700
5700
5700
5700
5700
5700
5700
5700
5700
5700
5700
5700
5700
5700
5700
5700
5700
5700
5700
5700
5700
5700
5700
5700
5700
5700
5700
5700
5701
5701
5701
5701
5701
5701
5701
5701
5701
5701
5701
5701
5701
5701
5701
5701
5701
5701
5701
5701
5701
5701
5701
5701
5701
5701
5701
5701
5701
5701
5701
5701
5701
5701
5701
5701
5701
5701
5701
5701
5701
5701
5701
5702
5702
5702
5702
5702
5702
5702
5702
5702
5702
5702
5702
5704
5704
5704
5704
5704
5704
5704
5704
5705
5705
5705
5705
5705
5705
5706
5706
5706
5706
5706
5706
5706
5706
5706
5706
5706
5706
5706
5706
5706
5706
5706
5706
5706
5706
5706
5706
5706
5706
5706
5706
5706
5706
5706
5706
5706
5706
5706
5706
5706
5706
5706
5706
5706
5706
5706
5706
5706
5706
5706
5706
5706
5706
5706
5706
5706
5706
5706
5706
5706
5706
5706
5706
5706
5706
5706
5706
5706
5706
5706
5706
5706
5706
5706
5706
5706
5706
5706
5706
5706
5706
5706
5706
5706
5706
5706
5706
5706
5706
5706
5706
5706
5706
5706
5706
5706
5706
5706
5706
5706
5706
5706
5706
5706
5706
5707
5707
5707
5707
5707
5707
5707
5707
5707
5707
5707
5707
5707
5707
5707
5707
5707
5707
5707
5707
5707
5707
5707
5707
5707
5707
5707
5707
5707
5707
5707
5707
5707
5707
5707
5707
5707
5707
5707
5707
5707
5707
5707
5707
5707
5707
5708
5708
5708
5708
5708
5708
5708
5708
5708
5708
5708
5708
5708
5708
5708
5708
5708
5708
5708
5708
5708
5708
5708
5708
5709
5710
5710
5710
5711
5711
5711
5711
5711
5711
5711
5711
5711
5711
5711
5711
5711
5711
5711
5711
5711
5711
5711
5711
5711
5711
5711
5711
5711
5711
5711
5711
5711
5711
5711
5712
5712
5712
5712
5712
5712
5712
5712
5712
5712
5712
5712
5712
5712
5712
5712
5712
5712
5712
5712
5712
5712
5712
5712
5712
5712
5712
5712
5712
5712
5712
5712
5712
5712
5712
5712
5712
5712
5712
5712
5712
5712
5712
5712
5712
5712
5712
5712
5712
5712
5712
5712
5712
5712
5712
5712
5712
5712
5712
5712
5712
5712
5712
5712
5712
5712
5712
5712
5713
5713
5713
5713
5713
5713
5713
5713
5713
5713
5713
5713
5713
5713
5713
5713
5713
5713
5713
5713
5713
5713
5713
5713
5713
5713
5713
5713
5713
5713
5713
5713
5713
5713
5713
5713
5713
5713
5713
5713
5713
5713
5715
5715
5715
5715
5715
5715
5715
5715
5715
5715
5715
5715
5715
5715
5715
5715
5716
5716
5716
5716
5716
5723
5723
5723
5723
5723
5723
5723
5723
5724
5724
5724
5724
5724
5724
5724
5725
5728
5728
5728
5728
5728
5731
5731
5732
5732
5732
5733
5735
5735
5735
5735
5795
5795
5795
5795
5795
5796
5796
5797
5797
5799
5799
5799
5799
5799
5799
5799
5799
5799
5799
5799
5799
5799
5799
5799
5799
5799
5799
5799
5799
5799
5800
5800
5800
5800
5800
5800
5802
5802
5802
5802
5802
5802
5802
5802
5802
5802
5802
5802
5802
5802
5802
5802
5802
5802
5802
5802
5802
5802
5802
5802
5802
5802
5802
5802
5802
5802
5802
5802
5802
5802
5802
5802
5802
5802
5802
5802
5802
5802
5802
5802
5802
5803
5803
5803
5803
5803
5803
5803
5803
5803
5803
5803
5803
5803
5803
5803
5803
5803
5804
5804
5805
5806
5806
5806
5807
5808
5809
5811
5813
5814
5817
5818
5818
5819
5473
5473
5473
5475
5475
5476
5476
5479
5480
5480
5480
5481
5482
5487
5487
5488
5488
5489
5489
5489
5489
5490
5490
5490
5490
5490
5492
5492
5492
5492
5493
5494
5494
5494
5495
5495
5499
5501
5501
5502
5502
5502
5502
5502
5502
5504
5504
5504
5504
5507
5509
5509
5509
5512
5517
5517
5518
5518
5518
5518
5518
5518
5521
5521
5521
5522
5522
5522
5523
5524
5524
5524
5526
5529
5530
5530
5530
5530
5530
5531
5532
5532
5532
5532
5537
5537
5539
5539
5543
5543
5543
5546
5549
5551
5551
5553
5554
5557
5557
5557
5557
5557
5558
5560
5560
5560
5561
5563
5567
5567
5567
5567
5567
5567
5567
5567
5567
5568
5568
5571
5571
5571
5571
5572
5578
5578
5578
5579
5579
5579
5579
5579
5579
5579
5580
5582
5582
5582
5582
5583
5584
5586
5586
5586
5586
5586
5588
5591
5591
5591
5591
5593
5594
5595
5595
5595
5599
5599
5599
5599
5599
5600
5601
5601
5601
5601
5601
5601
5601
5601
5601
5601
5601
5601
5601
5601
5601
5601
5601
5601
5601
5601
5601
5601
5601
5601
5601
5601
5601
5601
5601
5601
5601
5601
5601
5601
5601
5601
5601
5601
5601
5601
5601
5601
5601
5601
5601
5601
5601
5601
5601
5601
5601
5601
5601
5601
5601
5601
5601
5601
5601
5601
5601
5601
5601
5601
5601
5601
5601
5601
5601
5601
5601
5601
5601
5601
5601
5601
5601
5601
5601
5601
5601
5601
5601
5601
5601
5601
5601
5601
5601
5601
5601
5601
5601
5601
5601
5601
5601
5601
5601
5601
5601
5601
5601
5601
5601
5601
5601
5601
5601
5601
5601
5601
5601
5601
5601
5601
5601
5601
5601
5601
5601
5601
5601
5601
5601
5601
5601
5601
5601
5601
5601
5601
5601
5601
5601
5601
5601
5601
5601
5601
5601
5601
5601
5601
5601
5601
5601
5601
5601
5601
5601
5601
5601
5601
5601
5601
5601
5601
5601
5601
5601
5601
5601
5601
5601
5601
5601
5601
5601
5601
5601
5601
5601
5601
5601
5601
5601
5601
5601
5601
5601
5601
5601
5601
5601
5601
5601
5601
5601
5601
5601
5601
5601
5601
5601
5601
5601
5601
5601
5601
5601
5601
5601
5601
5601
5601
5601
5601
5601
5601
5601
5601
5601
5601
5601
5601
5601
5601
5601
5601
5601
5601
5601
5601
5601
5601
5601
5601
5601
5601
5601
5601
5601
5601
5601
5601
5601
5601
5601
5601
5601
5601
5601
5601
5601
5601
5601
5601
5601
5601
5601
5601
5601
5601
5601
5601
5601
5601
5601
5601
5601
5601
5601
5601
5601
5601
5601
5601
5601
5601
5601
5601
5601
5601
5601
5601
5601
5601
5601
5601
5601
5601
5601
5601
5601
5601
5601
5601
5601
5601
5601
5601
5601
5601
5601
5601
5601
5601
5601
5601
5601
5601
5601
5601
5601
5601
5601
5601
5601
5601
5601
5601
5601
5601
5601
5601
5601
5601
5601
5601
5601
5601
5602
5602
5602
5602
5602
5602
5602
5602
5602
5602
5602
5602
5602
5602
5602
5602
5602
5602
5602
5602
5602
5602
5602
5602
5602
5602
5602
5602
5602
5602
5602
5602
5602
5602
5602
5602
5602
5602
5602
5602
5602
5602
5602
5602
5602
5602
5602
5602
5602
5602
5602
5602
5602
5602
5602
5602
5602
5602
5602
5602
5602
5602
5602
5602
5602
5602
5602
5602
5602
5602
5602
5602
5602
5602
5602
5602
5602
5602
5602
5602
5602
5602
5602
5602
5602
5602
5602
5602
5602
5602
5602
5602
5602
5602
5602
5602
5603
5603
5603
5603
5603
5603
5603
5603
5603
5603
5603
5603
5603
5603
5603
5603
5603
5603
5603
5603
5603
5604
5604
5604
5604
5604
5604
5604
5604
5604
5604
5604
5604
5604
5604
5604
5604
5604
5604
5604
5604
5604
5604
5604
5604
5604
5604
5604
5604
5604
5604
5604
5604
5604
5604
5604
5604
5604
5604
5604
5604
5604
5604
5604
5604
5604
5604
5604
5604
5604
5604
5604
5604
5604
5604
5604
5604
5604
5604
5604
5604
5604
5604
5604
5604
5604
5604
5604
5604
5604
5604
5604
5604
5604
5604
5604
5604
5604
5604
5604
5604
5604
5604
5604
5604
5604
5604
5604
5604
5604
5604
5604
5604
5604
5604
5604
5604
5604
5604
5604
5604
5604
5604
5604
5604
5604
5604
5604
5604
5604
5604
5604
5604
5604
5604
5604
5604
5604
5604
5604
5604
5604
5604
5604
5604
5604
5604
5604
5604
5604
5604
5604
5604
5604
5604
5604
5604
5604
5605
5605
5605
5605
5605
5605
5605
5605
5605
5605
5605
5605
5605
5605
5605
5605
5605
5605
5605
5605
5605
5605
5605
5605
5605
5605
5605
5605
5605
5605
5605
5605
5605
5605
5605
5605
5605
5605
5605
5605
5605
5605
5605
5605
5605
5605
5605
5605
5605
5605
5605
5605
5605
5605
5605
5605
5605
5605
5605
5605
5605
5605
5605
5605
5605
5605
5605
5605
5605
5605
5605
5605
5605
5605
5605
5605
5605
5605
5605
5605
5605
5605
5605
5605
5605
5605
5605
5605
5605
5605
5605
5605
5605
5605
5605
5605
5605
5605
5605
5605
5605
5605
5606
5606
5606
5606
5606
5606
5606
5606
5606
5606
5606
5606
5607
5607
5607
5607
5607
5607
5607
5607
5607
5607
5607
5607
5607
5607
5607
5607
5607
5607
5607
5607
5607
5607
5607
5607
5607
5607
5607
5607
5607
5607
5607
5607
5607
5607
5607
5607
5607
5607
5607
5607
5607
5607
5607
5607
5607
5607
5607
5607
5607
5607
5607
5607
5607
5607
5607
5607
5607
5607
5607
5607
5607
5607
5607
5607
5607
5607
5607
5607
5607
5607
5607
5607
5607
5607
5607
5607
5607
5607
5607
5607
5607
5607
5607
5607
5607
5607
5608
5608
5608
5608
5608
5608
5608
5608
5608
5608
5608
5608
5608
5608
5608
5608
5608
5608
5608
5611
5611
5611
5611
5611
5611
5611
5611
5611
5611
5611
5611
5611
5611
5611
5611
5611
5611
5611
5611
5611
5611
5611
5611
5611
5611
5611
5611
5611
5611
5611
5611
5611
5611
5611
5611
5611
5611
5611
5611
5611
5611
5611
5611
5611
5611
5611
5611
5611
5611
5611
5611
5611
5611
5611
5611
5611
5611
5611
5611
5611
5611
5611
5611
5611
5611
5611
5611
5611
5611
5611
5611
5611
5611
5611
5611
5612
5612
5612
5612
5612
5612
5612
5612
5612
5612
5612
5612
5612
5612
5612
5612
5612
5612
5612
5612
5612
5612
5612
5612
5612
5613
5613
5613
5613
5613
5613
5613
5613
5613
5613
5613
5613
5613
5613
5613
5613
5613
5613
5613
5613
5613
5613
5613
5613
5613
5613
5613
5613
5613
5613
5613
5613
5613
5613
5613
5613
5613
5613
5613
5613
5613
5613
5613
5613
5613
5613
5613
5613
5613
5613
5613
5613
5613
5613
5613
5613
5613
5613
5613
5613
5613
5613
5613
5613
5613
5613
5613
5613
5613
5613
5613
5613
5613
5613
5613
5613
5613
5613
5613
5613
5613
5613
5613
5613
5613
5613
5613
5613
5613
5613
5613
5613
5613
5613
5613
5613
5613
5613
5613
5613
5613
5613
5613
5613
5613
5613
5613
5613
5613
5613
5613
5613
5613
5613
5613
5613
5613
5613
5613
5613
5613
5613
5613
5613
5613
5613
5613
5613
5613
5613
5613
5613
5613
5613
5613
5613
5613
5613
5613
5613
5613
5613
5613
5613
5613
5613
5613
5613
5613
5613
5613
5613
5613
5613
5613
5613
5613
5613
5613
5614
5614
5614
5614
5626
5626
5626
5626
5626
5626
5626
5626
5626
5626
5626
5626
5626
5626
5626
5626
5626
5626
5626
5626
5626
5626
5626
5626
5626
5626
5626
5626
5626
5626
5626
5626
5626
5626
5626
5626
5626
5626
5626
5626
5626
5626
5626
5626
5626
5626
5626
5626
5626
5626
5626
5626
5626
5626
5626
5626
5626
5626
5626
5626
5626
5626
5626
5626
5626
5626
5626
5626
5626
5626
5626
5626
5626
5626
5626
5626
5626
5626
5626
5626
5626
5626
5626
5626
5626
5626
5626
5626
5626
5626
5626
5626
5626
5626
5626
5626
5626
5626
5626
5626
5626
5626
5626
5626
5626
5627
5627
5627
5627
5627
5629
5629
5629
5629
5629
5629
5629
5629
5629
5629
5629
5629
5629
5629
5629
5629
5629
5629
5629
5629
5629
5629
5629
5629
5629
5629
5629
5629
5629
5629
5629
5629
5629
5629
5629
5629
5629
5629
5629
5629
5629
5629
5629
5629
5629
5629
5629
5629
5629
5629
5629
5629
5629
5629
5629
5629
5629
5629
5629
5629
5629
5629
5629
5629
5629
5629
5629
5629
5629
5629
5629
5629
5629
5629
5629
5629
5629
5629
5629
5629
5629
5629
5629
5629
5629
5629
5629
5629
5629
5629
5629
5629
5629
5629
5629
5629
5629
5629
5629
5629
5629
5629
5629
5629
5629
5629
5629
5629
5629
5629
5629
5629
5629
5629
5629
5629
5629
5629
5629
5629
5629
5629
5629
5629
5629
5629
5629
5629
5629
5629
5629
5629
5629
5629
5629
5629
5629
5629
5629
5629
5629
5629
5629
5629
5629
5629
5629
5629
5629
5629
5629
5629
5629
5629
5629
5629
5629
5629
5629
5629
5629
5629
5629
5629
5629
5629
5629
5629
5629
5629
5629
5629
5629
5629
5629
5629
5629
5629
5629
5629
5629
5629
5629
5629
5629
5629
5629
5629
5629
5629
5629
5629
5629
5629
5629
5629
5629
5629
5629
5629
5629
5629
5629
5629
5629
5629
5629
5629
5629
5629
5629
5629
5629
5629
5629
5629
5629
5629
5629
5629
5629
5629
5629
5630
5633
5633
5633
5633
5633
5633
5633
5633
5633
5633
5633
5633
5633
5633
5633
5633
5633
5633
5633
5633
5633
5635
5635
5635
5635
5635
5635
5635
5635
5635
5635
5635
5635
5635
5635
5635
5635
5635
5635
5635
5635
5635
5635
5635
5635
5635
5635
5635
5635
5635
5635
5635
5635
5635
5635
5635
5635
5635
5635
5635
5635
5635
5635
5635
5635
5635
5635
5635
5635
5635
5635
5635
5635
5635
5635
5635
5635
5635
5635
5635
5635
5635
5635
5635
5635
5635
5635
5635
5635
5635
5635
5635
5635
5635
5635
5635
5635
5635
5635
5635
5635
5635
5635
5635
5635
5635
5635
5635
5635
5635
5635
5635
5635
5635
5635
5635
5635
5635
5635
5635
5635
5635
5635
5635
5635
5635
5635
5635
5635
5635
5635
5635
5635
5635
5635
5635
5635
5635
5635
5635
5635
5635
5635
5635
5635
5635
5635
5635
5635
5635
5635
5635
5635
5635
5635
5635
5635
5635
5635
5635
5635
5635
5635
5635
5635
5635
5635
5635
5635
5635
5635
5635
5635
5635
5635
5635
5635
5635
5635
5635
5635
5635
5635
5635
5635
5635
5635
5635
5635
5635
5635
5635
5635
5635
5635
5635
5635
5635
5635
5635
5635
5635
5635
5635
5635
5635
5635
5635
5635
5635
5635
5635
5635
5635
5635
5635
5635
5635
5635
5635
5635
5635
5635
5635
5635
5635
5635
5635
5635
5635
5635
5635
5635
5635
5635
5635
5635
5635
5635
5635
5635
5635
5635
5635
5635
5635
5635
5635
5635
5635
5635
5635
5636
5636
5636
5636
5636
5636
5636
5636
5636
5636
5636
5636
5636
5636
5636
5636
5636
5636
5636
5636
5636
5636
5636
5636
5636
5636
5636
5636
5636
5636
5636
5636
5636
5636
5636
5636
5636
5636
5636
5636
5636
5636
5636
5636
5636
5636
5637
5637
5637
5637
5637
5637
5637
5637
5637
5637
5637
5637
5637
5637
5637
5637
5637
5637
5637
5637
5637
5637
5637
5637
5637
5637
5637
5637
5637
5637
5637
5637
5637
5637
5637
5637
5637
5637
5637
5637
5637
5637
5638
5638
5638
5638
5638
5638
5638
5638
5638
5638
5638
5638
5638
5638
5638
5638
5638
5638
5641
5641
5641
5641
5641
5641
5641
5641
5641
5641
5641
5641
5641
5641
5641
5641
5641
5641
5641
5641
5641
5641
5641
5641
5641
5641
5641
5641
5641
5641
5641
5641
5641
5641
5641
5641
5641
5641
5641
5641
5641
5641
5641
5641
5641
5641
5641
5641
5641
5641
5641
5641
5641
5641
5641
5641
5641
5641
5641
5641
5641
5641
5641
5641
5641
5641
5641
5641
5641
5641
5641
5641
5641
5641
5641
5641
5641
5644
5644
5644
5644
5644
5644
5644
5644
5644
5644
5644
5644
5644
5644
5644
5644
5644
5644
5644
5644
5644
5644
5646
5646
5646
5646
5646
5646
5646
5646
5646
5646
5646
5646
5646
5646
5646
5646
5646
5646
5646
5646
5646
5646
5646
5646
5646
5646
5646
5646
5646
5646
5646
5646
5646
5646
5646
5646
5646
5646
5646
5646
5646
5646
5646
5646
5646
5646
5646
5646
5646
5646
5646
5646
5646
5646
5646
5646
5646
5646
5646
5646
5646
5646
5646
5650
5650
5650
5650
5650
5650
5650
5650
5650
5650
5650
5650
5650
5650
5650
5650
5650
5650
5650
5650
5651
5651
5651
5651
5651
5651
5651
5651
5651
5651
5651
5651
5651
5651
5651
5651
5651
5651
5651
5651
5651
5651
5651
5651
5651
5651
5651
5651
5651
5651
5651
5651
5651
5651
5651
5651
5651
5651
5651
5651
5651
5651
5651
5651
5651
5651
5651
5651
5651
5651
5651
5651
5651
5651
5651
5651
5651
5651
5651
5651
5651
5651
5651
5651
5651
5651
5651
5651
5651
5651
5651
5651
5651
5651
5651
5651
5651
5651
5651
5651
5651
5651
5651
5651
5651
5651
5651
5651
5651
5651
5651
5651
5651
5651
5652
5652
5652
5652
5652
5652
5652
5652
5652
5652
5652
5652
5652
5652
5652
5652
5652
5652
5652
5652
5652
5652
5652
5652
5652
5652
5652
5652
5652
5652
5652
5652
5652
5655
5655
5655
5655
5655
5655
5655
5655
5658
5658
5658
5658
5658
5658
5658
5658
5658
5658
5658
5658
5658
5658
5658
5658
5658
5658
5658
5658
5658
5658
5658
5658
5658
5658
5658
5658
5658
5658
5658
5658
5658
5658
5658
5658
5658
5658
5658
5658
5658
5658
5658
5658
5658
5658
5658
5658
5658
5658
5658
5658
5658
5659
5659
5659
5659
5659
5659
5659
5659
5659
5659
5659
5659
5659
5659
5659
5659
5659
5659
5659
5659
5659
5659
5659
5659
5659
5659
5659
5659
5659
5659
5659
5659
5659
5659
5659
5659
5659
5659
5659
5659
5659
5659
5659
5659
5659
5659
5659
5659
5659
5659
5659
5659
5659
5659
5659
5659
5659
5659
5659
5659
5659
5659
5659
5659
5659
5659
5659
5659
5659
5659
5659
5659
5659
5659
5659
5659
5659
5659
5659
5659
5659
5659
5659
5659
5659
5659
5659
5659
5659
5659
5659
5659
5659
5659
5659
5659
5659
5659
5659
5659
5659
5659
5659
5659
5659
5659
5659
5659
5659
5659
5659
5659
5660
5660
5660
5660
5660
5660
5660
5660
5660
5660
5660
5660
5660
5660
5660
5660
5660
5660
5660
5660
5660
5660
5660
5660
5660
5660
5660
5660
5660
5660
5660
5660
5660
5660
5660
5660
5660
5663
5663
5663
5663
5663
5663
5663
5663
5663
5663
5663
5663
5663
5663
5663
5663
5663
5663
5663
5663
5663
5663
5663
5663
5663
5663
5663
5663
5663
5663
5663
5663
5663
5663
5663
5663
5663
5663
5663
5663
5663
5663
5663
5663
5663
5663
5663
5663
5663
5663
5663
5663
5663
5663
5663
5663
5663
5663
5663
5663
5663
5663
5663
5663
5663
5663
5663
5663
5663
5663
5663
5663
5663
5663
5663
5663
5663
5663
5663
5663
5663
5663
5663
5663
5663
5663
5663
5663
5663
5663
5663
5663
5663
5663
5663
5663
5663
5664
5664
5664
5664
5664
5664
5664
5664
5664
5664
5664
5664
5664
5664
5664
5664
5664
5664
5664
5664
5664
5664
5664
5664
5664
5664
5664
5664
5664
5664
5664
5664
5664
5664
5664
5664
5664
5664
5664
5664
5664
5664
5664
5664
5664
5664
5664
5664
5664
5664
5664
5664
5664
5664
5664
5664
5664
5664
5664
5664
5664
5664
5664
5664
5664
5664
5664
5664
5664
5664
5664
5664
5664
5664
5664
5664
5664
5664
5664
5664
5664
5664
5664
5664
5664
5664
5664
5664
5664
5664
5664
5664
5664
5664
5664
5664
5664
5664
5664
5664
5664
5664
5664
5664
5664
5664
5664
5664
5664
5664
5664
5665
5665
5665
5665
5665
5665
5665
5665
5665
5670
5670
5670
5670
5670
5670
5670
5670
5670
5670
5670
5670
5670
5670
5670
5670
5670
5670
5670
5670
5670
5670
5670
5670
5670
5670
5670
5670
5670
5670
5670
5670
5670
5670
5670
5670
5670
5670
5670
5670
5670
5670
5670
5670
5670
5670
5670
5670
5670
5670
5670
5670
5670
5670
5670
5670
5670
5670
5670
5670
5670
5670
5670
5670
5670
5670
5670
5670
5670
5670
5670
5670
5670
5670
5670
5670
5670
5670
5670
5670
5670
5670
5670
5670
5670
5670
5670
5670
5670
5670
5670
5670
5670
5670
5670
5670
5670
5670
5670
5670
5670
5670
5670
5670
5670
5670
5670
5670
5670
5670
5670
5670
5670
5670
5670
5670
5670
5670
5670
5670
5670
5670
5670
5670
5670
5670
5670
5670
5670
5670
5670
5670
5670
5670
5670
5670
5670
5670
5670
5670
5670
5670
5670
5670
5670
5670
5670
5670
5670
5670
5670
5670
5670
5670
5672
5672
5672
5672
5672
5672
5672
5672
5672
5672
5672
5672
5672
5672
5672
5672
5672
5672
5672
5672
5672
5672
5672
5672
5672
5672
5672
5672
5672
5672
5672
5672
5672
5672
5672
5672
5672
5672
5672
5672
5672
5672
5672
5672
5672
5672
5672
5672
5672
5672
5672
5672
5672
5672
5672
5672
5672
5673
5673
5673
5673
5673
5673
5673
5673
5673
5673
5674
5674
5674
5674
5674
5674
5674
5674
5674
5674
5674
5674
5674
5674
5674
5674
5674
5674
5674
5674
5674
5674
5674
5674
5674
5674
5674
5674
5674
5674
5674
5674
5674
5674
5674
5674
5674
5674
5674
5674
5674
5674
5674
5674
5674
5674
5674
5674
5677
5677
5677
5677
5677
5677
5677
5677
5677
5677
5677
5677
5677
5677
5677
5677
5677
5677
5677
5677
5677
5677
5677
5677
5677
5677
5677
5677
5677
5677
5677
5677
5678
5678
5678
5678
5678
5678
5678
5678
5678
5678
5678
5678
5678
5678
5678
5678
5683
5683
5683
5683
5683
5683
5683
5683
5683
5683
5683
5683
5683
5683
5683
5683
5683
5683
5683
5683
5683
5683
5683
5683
5683
5683
5683
5683
5683
5683
5683
5683
5683
5683
5683
5683
5683
5683
5683
5683
5683
5683
5683
5683
5683
5683
5683
5683
5683
5683
5683
5683
5683
5683
5683
5683
5683
5683
5683
5683
5683
5683
5683
5683
5683
5683
5683
5683
5683
5683
5683
5683
5683
5683
5683
5683
5683
5683
5683
5683
5683
5683
5683
5683
5683
5683
5683
5683
5683
5683
5689
5689
5689
5689
5689
5689
5689
5689
5689
5689
5689
5689
5689
5689
5689
5689
5689
5689
5689
5689
5689
5689
5689
5689
5689
5689
5689
5689
5689
5689
5689
5689
5689
5689
5689
5689
5689
5689
5689
5689
5689
5689
5689
5689
5689
5689
5689
5689
5689
5689
5689
5689
5689
5689
5689
5689
5689
5689
5689
5689
5689
5689
5689
5689
5689
5689
5689
5689
5689
5689
5689
5689
5689
5689
5689
5689
5689
5689
5689
5689
5689
5689
5689
5689
5689
5689
5689
5689
5689
5689
5689
5689
5689
5689
5689
5689
5689
5689
5689
5689
5689
5689
5689
5689
5689
5689
5689
5689
5689
5689
5689
5689
5689
5689
5689
5689
5689
5689
5689
5689
5689
5689
5689
5689
5689
5689
5689
5689
5689
5689
5689
5689
5689
5689
5689
5689
5689
5689
5689
5689
5689
5689
5689
5689
5689
5689
5689
5689
5689
5689
5689
5689
5689
5689
5689
5689
5689
5689
5689
5689
5691
5691
5691
5691
5691
5691
5691
5691
5691
5691
5691
5691
5691
5691
5691
5691
5691
5691
5691
5691
5691
5691
5691
5691
5691
5691
5691
5691
5691
5691
5691
5691
5691
5691
5691
5691
5691
5691
5691
5691
5691
5691
5691
5691
5691
5691
5691
5691
5691
5691
5691
5691
5691
5691
5691
5691
5691
5691
5691
5691
5691
5691
5691
5691
5691
5691
5691
5691
5691
5691
5691
5691
5691
5691
5691
5691
5691
5691
5691
5691
5691
5691
5691
5691
5691
5691
5691
5691
5691
5691
5691
5691
5691
5691
5691
5691
5691
5691
5691
5691
5691
5691
5691
5691
5691
5691
5691
5691
5691
5691
5691
5691
5691
5691
5691
5691
5691
5691
5691
5691
5691
5691
5691
5691
5691
5691
5691
5691
5691
5691
5691
5691
5694
5694
5694
5694
5694
5694
5694
5695
5695
5695
5695
5695
5695
5695
5695
5695
5695
5695
5695
5695
5695
5695
5695
5695
5695
5695
5695
5695
5695
5695
5695
5695
5695
5695
5695
5695
5695
5695
5695
5695
5695
5695
5695
5695
5695
5695
5695
5695
5695
5695
5695
5695
5695
5695
5695
5695
5695
5695
5695
5695
5695
5695
5695
5695
5695
5695
5695
5695
5695
5695
5695
5695
5695
5695
5695
5695
5695
5695
5695
5695
5695
5695
5695
5695
5695
5695
5695
5695
5695
5695
5695
5695
5695
5695
5695
5695
5695
5695
5695
5695
5695
5695
5695
5695
5695
5695
5695
5695
5695
5695
5695
5695
5695
5695
5695
5695
5695
5695
5695
5695
5695
5695
5695
5695
5695
5695
5695
5695
5695
5695
5695
5695
5695
5695
5695
5695
5695
5695
5695
5695
5697
5697
5697
5697
5697
5697
5697
5697
5697
5697
5697
5697
5697
5697
5697
5697
5697
5697
5697
5697
5697
5697
5697
5697
5697
5697
5697
5697
5697
5697
5697
5697
5697
5697
5697
5697
5697
5697
5697
5697
5697
5697
5697
5697
5697
5697
5697
5697
5697
5697
5697
5697
5697
5697
5697
5697
5697
5697
5697
5697
5697
5697
5697
5697
5697
5697
5697
5697
5697
5698
5698
5698
5698
5698
5698
5698
5698
5698
5698
5698
5698
5698
5698
5698
5698
5698
5698
5698
5698
5698
5698
5698
5698
5698
5698
5698
5698
5698
5698
5698
5698
5698
5698
5698
5698
5698
5698
5698
5698
5698
5698
5698
5698
5698
5698
5698
5699
5699
5699
5699
5699
5699
5699
5699
5699
5699
5703
5703
5703
5703
5703
5703
5703
5703
5703
5703
5703
5703
5703
5703
5703
5703
5703
5703
5703
5703
5703
5703
5703
5703
5703
5703
5703
5703
5703
5703
5703
5703
5703
5703
5703
5703
5703
5703
5703
5703
5703
5703
5703
5703
5703
5703
5703
5703
5703
5703
5703
5703
5703
5703
5703
5703
5703
5703
5703
5703
5703
5703
5703
5703
5703
5703
5703
5703
5703
5703
5703
5703
5703
5703
5703
5703
5703
5703
5703
5703
5703
5703
5703
5703
5703
5703
5703
5703
5703
5703
5703
5703
5703
5703
5703
5703
5703
5703
5703
5703
5703
5703
5703
5703
5703
5703
5703
5703
5703
5703
5704
5704
5704
5704
5704
5704
5704
5705
5705
5705
5705
5705
5705
5705
5705
5705
5705
5705
5705
5705
5705
5705
5705
5705
5705
5705
5705
5705
5705
5705
5705
5705
5705
5705
5705
5705
5705
5705
5705
5705
5705
5705
5705
5705
5705
5705
5705
5705
5705
5705
5705
5705
5705
5705
5705
5705
5705
5705
5705
5705
5705
5705
5705
5705
5705
5705
5705
5705
5705
5705
5705
5705
5705
5705
5705
5705
5705
5705
5705
5705
5705
5705
5705
5705
5705
5705
5705
5705
5705
5705
5705
5705
5705
5705
5705
5705
5705
5705
5705
5705
5705
5705
5705
5705
5705
5705
5705
5705
5705
5705
5705
5705
5705
5705
5705
5705
5705
5705
5705
5705
5705
5705
5705
5705
5705
5705
5705
5705
5705
5705
5705
5705
5705
5705
5705
5705
5705
5705
5705
5705
5705
5705
5705
5705
5705
5705
5705
5705
5705
5705
5705
5705
5705
5705
5705
5705
5705
5705
5705
5705
5705
5705
5705
5705
5705
5705
5705
5705
5705
5705
5705
5705
5705
5705
5705
5705
5705
5705
5705
5705
5705
5705
5705
5705
5705
5705
5705
5705
5705
5705
5705
5705
5705
5705
5705
5705
5705
5705
5705
5705
5705
5705
5705
5705
5705
5705
5705
5705
5705
5705
5705
5705
5705
5706
5706
5706
5706
5706
5706
5706
5706
5706
5706
5706
5706
5706
5706
5706
5706
5706
5706
5706
5706
5706
5706
5706
5706
5706
5706
5706
5706
5706
5706
5706
5706
5706
5706
5706
5706
5706
5706
5706
5706
5706
5706
5706
5706
5706
5706
5706
5706
5706
5706
5706
5706
5706
5706
5706
5706
5706
5706
5706
5706
5706
5706
5706
5706
5706
5706
5706
5707
5707
5707
5707
5707
5707
5707
5707
5707
5707
5707
5707
5707
5707
5707
5707
5707
5707
5707
5707
5707
5707
5707
5707
5707
5707
5707
5707
5707
5707
5707
5707
5707
5707
5707
5707
5707
5707
5707
5707
5707
5707
5707
5707
5707
5707
5707
5707
5707
5707
5707
5707
5707
5707
5707
5707
5707
5707
5707
5707
5707
5707
5707
5707
5707
5707
5707
5707
5707
5707
5707
5707
5707
5707
5707
5707
5707
5707
5707
5707
5707
5707
5707
5707
5707
5707
5707
5707
5707
5707
5707
5707
5707
5707
5707
5707
5707
5707
5707
5707
5707
5707
5707
5707
5707
5707
5707
5707
5707
5707
5707
5707
5707
5707
5707
5707
5707
5707
5707
5707
5707
5707
5707
5707
5707
5707
5707
5707
5707
5707
5707
5707
5707
5707
5707
5707
5707
5707
5707
5707
5707
5707
5707
5707
5707
5707
5707
5707
5707
5707
5707
5707
5707
5707
5707
5707
5707
5707
5707
5707
5707
5707
5707
5707
5707
5707
5707
5707
5707
5707
5707
5707
5707
5707
5707
5707
5707
5707
5707
5707
5707
5707
5707
5707
5707
5707
5707
5707
5707
5707
5707
5707
5707
5707
5707
5707
5707
5707
5707
5707
5707
5707
5707
5707
5707
5707
5707
5707
5707
5708
5708
5708
5708
5708
5708
5708
5708
5708
5708
5708
5708
5708
5708
5708
5708
5708
5708
5708
5708
5708
5708
5708
5708
5708
5708
5708
5708
5708
5708
5708
5708
5708
5708
5708
5708
5708
5708
5708
5708
5708
5708
5708
5708
5708
5708
5708
5708
5708
5708
5708
5708
5708
5708
5708
5708
5708
5708
5708
5708
5708
5708
5708
5708
5708
5708
5708
5708
5708
5708
5708
5708
5708
5708
5708
5708
5708
5708
5708
5708
5708
5708
5708
5708
5708
5708
5708
5708
5708
5708
5708
5708
5708
5708
5708
5708
5708
5708
5708
5708
5708
5708
5708
5708
5708
5708
5708
5708
5708
5708
5708
5708
5708
5708
5708
5708
5708
5708
5708
5708
5708
5708
5708
5708
5708
5708
5708
5708
5708
5708
5708
5708
5708
5708
5708
5708
5708
5708
5708
5708
5708
5708
5708
5708
5708
5708
5708
5708
5708
5708
5708
5708
5708
5708
5708
5708
5708
5708
5708
5708
5708
5708
5708
5708
5708
5708
5708
5708
5708
5708
5708
5708
5708
5708
5708
5708
5708
5708
5708
5708
5708
5708
5708
5708
5708
5708
5708
5708
5708
5708
5708
5708
5708
5708
5708
5708
5708
5708
5708
5708
5708
5708
5708
5708
5708
5708
5708
5708
5708
5708
5708
5708
5708
5708
5708
5708
5708
5708
5708
5708
5708
5708
5708
5708
5708
5708
5708
5708
5708
5709
5709
5709
5709
5709
5709
5709
5709
5709
5709
5709
5709
5709
5709
5709
5709
5709
5709
5709
5709
5709
5709
5709
5709
5709
5709
5709
5709
5709
5709
5709
5709
5709
5709
5709
5709
5709
5709
5709
5709
5709
5709
5709
5709
5709
5709
5709
5709
5709
5709
5709
5709
5709
5709
5709
5709
5709
5709
5709
5709
5709
5709
5709
5709
5709
5709
5709
5709
5709
5709
5709
5709
5709
5709
5709
5709
5709
5709
5709
5709
5709
5709
5709
5709
5709
5709
5709
5709
5709
5709
5709
5709
5709
5709
5709
5709
5709
5709
5709
5709
5709
5709
5709
5709
5709
5709
5709
5709
5709
5709
5709
5709
5709
5709
5709
5709
5709
5709
5709
5709
5709
5709
5709
5709
5709
5709
5709
5709
5709
5709
5709
5709
5709
5709
5709
5709
5709
5709
5709
5709
5709
5709
5709
5709
5709
5709
5709
5709
5709
5709
5709
5709
5709
5709
5709
5709
5709
5709
5709
5709
5709
5709
5709
5709
5709
5709
5709
5709
5709
5709
5709
5709
5709
5709
5709
5709
5709
5709
5709
5709
5709
5709
5709
5709
5709
5709
5709
5709
5709
5709
5709
5709
5709
5709
5709
5709
5709
5709
5709
5709
5709
5709
5709
5709
5709
5709
5709
5709
5709
5709
5709
5709
5709
5709
5709
5709
5709
5709
5709
5709
5709
5709
5709
5709
5709
5709
5709
5709
5709
5709
5709
5709
5709
5709
5709
5709
5709
5709
5709
5709
5709
5709
5709
5709
5709
5709
5709
5709
5709
5709
5709
5710
5710
5710
5710
5710
5710
5710
5710
5710
5710
5710
5710
5710
5710
5710
5710
5710
5710
5710
5710
5710
5710
5710
5710
5710
5710
5710
5710
5710
5710
5710
5710
5710
5710
5710
5710
5710
5710
5710
5710
5710
5710
5710
5710
5710
5710
5710
5710
5710
5715
5715
5715
5715
5715
5715
5715
5715
5715
5715
5715
5715
5715
5715
5715
5715
5715
5715
5715
5715
5715
5715
5715
5715
5715
5715
5715
5715
5715
5715
5715
5715
5715
5715
5715
5715
5715
5715
5715
5715
5715
5715
5715
5715
5715
5715
5715
5715
5715
5715
5715
5715
5715
5715
5715
5715
5715
5715
5715
5715
5715
5715
5715
5715
5715
5715
5715
5715
5715
5715
5715
5715
5715
5715
5715
5715
5715
5715
5715
5715
5715
5715
5715
5715
5715
5715
5715
5715
5715
5715
5715
5715
5715
5715
5715
5715
5715
5715
5715
5715
5715
5715
5715
5715
5715
5715
5715
5715
5715
5715
5715
5715
5715
5715
5715
5715
5715
5715
5715
5715
5715
5715
5715
5715
5715
5715
5715
5715
5715
5715
5715
5715
5715
5715
5715
5715
5715
5715
5715
5715
5715
5715
5715
5715
5715
5715
5715
5715
5715
5715
5715
5715
5715
5715
5715
5715
5715
5715
5715
5715
5715
5715
5715
5715
5715
5715
5715
5715
5715
5715
5715
5715
5715
5715
5715
5715
5715
5715
5715
5715
5715
5715
5715
5715
5715
5715
5715
5715
5715
5715
5715
5715
5715
5715
5715
5715
5715
5715
5715
5715
5715
5715
5715
5715
5715
5715
5715
5715
5715
5715
5715
5715
5715
5715
5715
5715
5715
5715
5715
5715
5715
5715
5715
5715
5715
5715
5715
5715
5715
5715
5715
5715
5715
5715
5715
5715
5715
5715
5715
5715
5715
5715
5715
5715
5715
5715
5715
5715
5715
5715
5715
5715
5715
5715
5715
5715
5715
5715
5715
5715
5715
5715
5715
5715
5715
5715
5715
5715
5716
5716
5716
5716
5716
5716
5716
5716
5716
5716
5716
5716
5716
5716
5716
5716
5716
5716
5716
5716
5716
5716
5716
5716
5716
5716
5716
5716
5716
5716
5716
5716
5716
5716
5716
5716
5716
5716
5716
5716
5716
5716
5716
5716
5716
5716
5716
5716
5716
5716
5716
5716
5716
5716
5716
5716
5716
5716
5716
5716
5716
5716
5716
5716
5716
5716
5716
5716
5716
5716
5716
5716
5717
5717
5717
5717
5717
5717
5717
5717
5717
5717
5717
5717
5717
5717
5717
5717
5717
5717
5717
5717
5717
5717
5717
5717
5717
5717
5717
5717
5717
5717
5717
5717
5717
5723
5723
5723
5723
5723
5723
5723
5723
5723
5723
5723
5723
5723
5723
5723
5723
5723
5723
5723
5723
5723
5723
5723
5723
5723
5723
5723
5723
5723
5723
5723
5723
5723
5723
5723
5723
5723
5723
5723
5723
5724
5724
5724
5724
5724
5724
5724
5724
5724
5724
5724
5724
5724
5724
5724
5724
5724
5724
5724
5724
5724
5724
5724
5724
5724
5724
5724
5724
5724
5724
5724
5724
5724
5724
5724
5724
5724
5724
5724
5724
5724
5724
5724
5724
5724
5724
5724
5724
5724
5724
5724
5724
5724
5724
5724
5724
5724
5724
5724
5724
5724
5724
5724
5724
5724
5724
5724
5724
5724
5724
5724
5724
5724
5724
5724
5724
5724
5725
5725
5725
5725
5725
5725
5725
5725
5725
5725
5725
5725
5725
5725
5725
5725
5725
5725
5725
5725
5725
5725
5725
5725
5725
5725
5725
5725
5725
5725
5725
5725
5725
5725
5725
5725
5725
5725
5725
5725
5725
5725
5725
5725
5725
5725
5725
5725
5725
5725
5725
5725
5725
5725
5725
5725
5725
5725
5725
5725
5725
5725
5725
5725
5725
5725
5725
5725
5725
5725
5725
5725
5725
5725
5725
5725
5725
5725
5725
5725
5725
5725
5725
5725
5725
5725
5725
5725
5725
5725
5725
5725
5725
5725
5725
5725
5725
5725
5725
5725
5725
5725
5725
5725
5725
5725
5725
5725
5725
5725
5725
5725
5725
5725
5725
5725
5725
5725
5725
5725
5725
5725
5725
5725
5725
5725
5725
5725
5725
5725
5725
5725
5725
5725
5725
5725
5725
5725
5725
5725
5725
5725
5725
5725
5725
5725
5725
5725
5725
5726
5726
5726
5726
5726
5726
5726
5726
5726
5726
5726
5726
5726
5726
5726
5726
5726
5726
5726
5726
5726
5726
5726
5726
5726
5726
5726
5726
5726
5726
5726
5726
5726
5726
5726
5726
5726
5726
5726
5726
5726
5726
5726
5726
5726
5726
5726
5726
5726
5726
5726
5726
5726
5726
5726
5726
5726
5726
5726
5726
5726
5726
5726
5726
5726
5726
5726
5726
5726
5726
5726
5726
5726
5726
5726
5726
5726
5726
5726
5726
5726
5726
5726
5726
5726
5726
5726
5726
5726
5726
5726
5726
5726
5726
5726
5726
5726
5726
5726
5726
5726
5726
5726
5726
5726
5726
5726
5726
5726
5726
5726
5726
5726
5726
5726
5726
5726
5726
5726
5726
5726
5726
5726
5726
5726
5726
5726
5726
5726
5726
5726
5726
5726
5726
5726
5726
5726
5726
5726
5726
5726
5726
5726
5726
5726
5726
5726
5726
5726
5726
5726
5726
5726
5726
5726
5726
5726
5726
5726
5726
5726
5726
5726
5726
5726
5726
5726
5726
5726
5726
5726
5726
5726
5726
5726
5726
5726
5726
5726
5726
5726
5727
5727
5727
5727
5727
5727
5727
5727
5727
5727
5727
5727
5727
5727
5727
5727
5727
5727
5727
5727
5727
5727
5727
5727
5727
5727
5727
5727
5727
5727
5727
5727
5727
5727
5727
5727
5727
5727
5727
5727
5727
5727
5727
5727
5727
5727
5727
5727
5727
5727
5727
5727
5727
5727
5727
5727
5727
5727
5727
5727
5727
5727
5727
5727
5727
5727
5727
5727
5727
5727
5727
5727
5727
5727
5727
5727
5727
5727
5727
5727
5727
5727
5727
5727
5727
5727
5727
5727
5727
5727
5727
5727
5727
5727
5727
5727
5727
5727
5727
5727
5727
5727
5727
5727
5727
5727
5727
5727
5727
5727
5727
5727
5727
5727
5727
5727
5727
5727
5727
5727
5727
5727
5727
5727
5727
5727
5727
5727
5727
5727
5727
5727
5727
5727
5727
5727
5727
5727
5727
5727
5727
5727
5727
5727
5727
5727
5727
5727
5727
5727
5727
5727
5727
5727
5727
5727
5727
5727
5727
5727
5727
5727
5727
5727
5727
5728
5728
5728
5728
5728
5728
5728
5728
5728
5728
5728
5728
5728
5728
5728
5728
5728
5728
5728
5728
5728
5728
5728
5728
5728
5728
5728
5728
5728
5728
5728
5728
5728
5728
5728
5728
5728
5728
5728
5728
5728
5728
5728
5728
5728
5728
5728
5728
5728
5728
5728
5728
5728
5728
5728
5728
5728
5728
5728
5728
5728
5728
5728
5728
5728
5728
5728
5728
5728
5728
5728
5728
5728
5728
5728
5728
5728
5728
5728
5728
5728
5728
5728
5728
5728
5728
5728
5728
5728
5728
5728
5728
5728
5728
5728
5728
5728
5728
5728
5728
5728
5728
5728
5728
5728
5728
5728
5728
5728
5728
5728
5728
5728
5728
5728
5728
5728
5728
5728
5728
5728
5728
5728
5728
5728
5728
5728
5728
5728
5728
5728
5728
5728
5728
5728
5728
5728
5728
5728
5728
5728
5728
5728
5728
5728
5728
5728
5728
5728
5728
5728
5728
5728
5728
5728
5728
5728
5728
5728
5728
5728
5729
5729
5729
5729
5729
5729
5729
5729
5729
5729
5729
5729
5729
5729
5729
5729
5729
5729
5729
5729
5729
5729
5729
5729
5729
5729
5729
5729
5729
5729
5729
5729
5729
5729
5729
5729
5729
5729
5729
5729
5729
5729
5729
5729
5729
5729
5729
5729
5729
5729
5729
5729
5729
5729
5729
5729
5729
5729
5729
5729
5729
5729
5729
5729
5729
5729
5729
5729
5729
5729
5729
5729
5729
5729
5729
5729
5729
5729
5729
5729
5729
5729
5729
5729
5729
5729
5729
5729
5729
5729
5729
5729
5729
5729
5729
5729
5729
5729
5729
5729
5729
5729
5729
5729
5729
5729
5729
5729
5729
5729
5729
5729
5729
5729
5729
5729
5729
5729
5729
5729
5729
5729
5729
5729
5729
5729
5729
5729
5729
5729
5729
5729
5729
5729
5729
5729
5729
5729
5729
5729
5729
5729
5729
5729
5729
5729
5729
5729
5729
5729
5729
5729
5729
5729
5729
5729
5729
5729
5729
5729
5729
5729
5729
5729
5729
5729
5729
5729
5729
5729
5729
5729
5729
5729
5729
5729
5729
5729
5729
5729
5729
5729
5729
5729
5729
5729
5729
5729
5729
5729
5729
5729
5729
5729
5729
5729
5729
5729
5729
5729
5729
5729
5729
5729
5729
5729
5729
5729
5729
5729
5729
5729
5729
5729
5729
5729
5729
5729
5729
5729
5729
5729
5729
5729
5729
5729
5729
5729
5729
5729
5729
5729
5729
5729
5729
5729
5729
5729
5729
5729
5729
5729
5729
5729
5729
5729
5729
5729
5729
5729
5729
5729
5729
5729
5729
5729
5729
5729
5729
5729
5729
5729
5729
5729
5729
5729
5729
5729
5729
5729
5729
5729
5729
5729
5729
5729
5729
5729
5729
5729
5729
5729
5729
5729
5729
5729
5729
5729
5729
5729
5729
5729
5729
5729
5729
5729
5729
5729
5729
5729
5729
5729
5729
5729
5729
5729
5729
5729
5729
5729
5729
5729
5729
5729
5729
5729
5729
5729
5729
5729
5729
5729
5729
5729
5729
5729
5729
5729
5729
5729
5729
5729
5729
5729
5729
5729
5729
5729
5729
5729
5729
5729
5729
5729
5729
5729
5729
5729
5729
5729
5729
5729
5729
5729
5729
5729
5729
5729
5729
5729
5729
5729
5729
5729
5729
5729
5729
5729
5729
5729
5729
5729
5729
5729
5729
5729
5729
5729
5729
5729
5729
5729
5729
5729
5729
5729
5729
5729
5729
5729
5729
5729
5729
5729
5729
5729
5729
5729
5729
5729
5729
5729
5729
5729
5729
5729
5729
5729
5729
5729
5729
5729
5729
5729
5729
5729
5729
5729
5729
5729
5729
5729
5729
5729
5729
5729
5729
5729
5729
5729
5729
5729
5729
5729
5729
5729
5729
5729
5729
5729
5729
5729
5729
5729
5729
5729
5729
5729
5729
5729
5729
5729
5729
5729
5729
5729
5729
5729
5729
5729
5729
5729
5729
5729
5729
5729
5729
5729
5729
5729
5729
5729
5729
5729
5729
5729
5729
5729
5729
5729
5729
5729
5729
5729
5729
5729
5729
5729
5729
5729
5729
5729
5729
5729
5729
5729
5729
5729
5729
5729
5729
5729
5729
5729
5729
5729
5729
5729
5729
5729
5729
5729
5729
5729
5729
5729
5729
5729
5729
5729
5729
5729
5729
5729
5729
5729
5729
5729
5729
5729
5729
5729
5729
5729
5729
5729
5729
5729
5729
5729
5729
5729
5729
5729
5729
5729
5729
5729
5729
5729
5729
5729
5729
5729
5729
5729
5729
5729
5729
5729
5729
5729
5729
5729
5729
5729
5729
5729
5729
5729
5729
5729
5729
5729
5729
5729
5729
5729
5729
5729
5729
5729
5729
5729
5729
5729
5729
5729
5729
5729
5729
5729
5729
5729
5729
5729
5729
5729
5729
5729
5729
5729
5729
5729
5729
5729
5729
5729
5729
5729
5729
5729
5730
5730
5730
5730
5730
5730
5730
5730
5730
5730
5730
5730
5730
5730
5730
5730
5730
5730
5730
5730
5730
5730
5730
5730
5730
5730
5730
5730
5730
5730
5730
5730
5730
5730
5730
5730
5730
5730
5730
5730
5730
5730
5730
5730
5730
5730
5730
5730
5730
5730
5730
5730
5730
5730
5730
5730
5730
5730
5730
5730
5730
5730
5730
5730
5730
5730
5730
5730
5730
5730
5730
5730
5730
5730
5730
5730
5730
5730
5730
5730
5730
5730
5730
5730
5730
5730
5730
5730
5730
5730
5730
5730
5730
5730
5730
5730
5730
5730
5730
5730
5730
5730
5730
5730
5730
5730
5730
5730
5730
5730
5730
5730
5730
5730
5730
5730
5730
5730
5730
5730
5730
5730
5730
5730
5730
5730
5730
5730
5730
5730
5730
5730
5730
5730
5730
5730
5730
5730
5730
5730
5730
5730
5730
5730
5730
5730
5730
5730
5730
5730
5730
5730
5730
5730
5730
5730
5730
5730
5730
5730
5730
5730
5730
5730
5730
5730
5730
5730
5730
5730
5730
5730
5730
5730
5730
5730
5730
5730
5730
5730
5730
5730
5730
5730
5730
5730
5730
5730
5730
5730
5730
5730
5730
5730
5730
5730
5730
5730
5730
5730
5730
5730
5730
5730
5730
5730
5730
5730
5730
5730
5730
5730
5730
5730
5730
5730
5730
5730
5730
5730
5730
5730
5730
5730
5730
5730
5730
5730
5730
5730
5730
5730
5730
5730
5730
5730
5730
5730
5730
5730
5730
5730
5730
5730
5730
5730
5730
5730
5730
5730
5730
5730
5730
5730
5730
5730
5730
5730
5730
5730
5730
5730
5730
5730
5730
5730
5730
5730
5730
5730
5730
5730
5730
5730
5730
5730
5730
5730
5730
5730
5730
5730
5730
5730
5730
5730
5730
5730
5730
5730
5730
5730
5730
5730
5730
5730
5730
5730
5730
5730
5730
5730
5730
5730
5730
5730
5730
5730
5730
5730
5730
5730
5730
5730
5730
5730
5730
5730
5730
5730
5730
5730
5730
5730
5730
5730
5730
5730
5731
5731
5731
5731
5731
5731
5731
5731
5731
5731
5731
5731
5731
5731
5731
5731
5731
5731
5731
5731
5731
5731
5731
5731
5731
5731
5731
5731
5731
5731
5731
5731
5731
5731
5731
5731
5731
5731
5731
5731
5731
5731
5731
5731
5731
5731
5731
5731
5731
5731
5731
5731
5731
5731
5731
5731
5731
5731
5731
5731
5731
5731
5731
5731
5731
5731
5731
5731
5731
5731
5731
5731
5731
5731
5731
5731
5731
5731
5731
5731
5732
5732
5732
5732
5732
5732
5732
5732
5732
5732
5732
5732
5732
5732
5732
5732
5732
5732
5732
5732
5732
5732
5732
5732
5732
5732
5732
5732
5732
5732
5732
5732
5732
5732
5732
5732
5732
5732
5732
5732
5732
5732
5732
5732
5732
5732
5732
5732
5732
5732
5732
5732
5732
5732
5732
5732
5732
5732
5732
5732
5732
5732
5732
5732
5732
5732
5732
5732
5732
5732
5732
5732
5732
5732
5732
5732
5732
5732
5732
5732
5732
5732
5732
5732
5732
5732
5732
5732
5732
5732
5732
5732
5732
5732
5732
5732
5732
5732
5732
5732
5732
5732
5732
5732
5732
5732
5732
5732
5732
5732
5732
5732
5732
5732
5732
5732
5732
5732
5732
5732
5732
5732
5732
5732
5732
5732
5732
5732
5732
5732
5732
5732
5732
5732
5732
5732
5732
5732
5732
5732
5732
5732
5732
5732
5732
5732
5732
5732
5732
5733
5733
5733
5733
5733
5733
5733
5733
5733
5733
5733
5733
5733
5733
5733
5733
5733
5733
5733
5733
5733
5733
5733
5733
5733
5733
5733
5733
5733
5733
5733
5733
5733
5733
5733
5733
5733
5733
5733
5733
5733
5733
5733
5733
5733
5733
5733
5733
5733
5733
5733
5733
5733
5733
5733
5733
5733
5733
5733
5733
5733
5733
5733
5733
5733
5733
5733
5733
5733
5733
5733
5733
5733
5733
5733
5733
5733
5733
5733
5733
5733
5733
5733
5733
5733
5733
5733
5733
5733
5733
5733
5733
5733
5733
5733
5733
5733
5733
5733
5733
5733
5733
5733
5733
5733
5733
5733
5733
5733
5733
5733
5733
5733
5733
5733
5733
5733
5733
5733
5733
5733
5733
5733
5733
5733
5733
5733
5733
5733
5733
5733
5733
5734
5734
5734
5734
5734
5734
5734
5734
5734
5734
5734
5734
5734
5734
5734
5734
5734
5734
5734
5734
5734
5734
5734
5734
5734
5734
5734
5734
5734
5734
5734
5734
5734
5734
5734
5734
5734
5734
5734
5734
5734
5734
5734
5734
5734
5734
5734
5734
5734
5734
5734
5734
5734
5734
5734
5734
5734
5734
5734
5734
5734
5734
5734
5734
5734
5734
5734
5734
5734
5734
5734
5734
5734
5734
5734
5734
5734
5734
5734
5734
5734
5734
5734
5734
5734
5734
5734
5734
5734
5734
5734
5734
5734
5734
5734
5734
5734
5734
5734
5734
5734
5734
5734
5734
5734
5734
5734
5734
5734
5734
5734
5734
5734
5734
5734
5734
5734
5734
5734
5734
5734
5734
5734
5734
5734
5734
5734
5734
5734
5734
5734
5734
5734
5734
5734
5734
5734
5734
5734
5734
5734
5734
5734
5734
5734
5734
5734
5734
5734
5734
5734
5734
5734
5734
5734
5734
5734
5734
5734
5734
5734
5734
5734
5734
5734
5734
5734
5734
5734
5734
5734
5734
5734
5734
5734
5734
5734
5734
5734
5734
5734
5734
5734
5734
5734
5734
5734
5734
5734
5734
5734
5734
5734
5734
5734
5734
5734
5734
5734
5734
5734
5734
5734
5734
5734
5734
5734
5734
5734
5734
5734
5734
5734
5734
5734
5734
5734
5734
5734
5734
5734
5734
5734
5734
5734
5734
5734
5734
5734
5734
5734
5734
5734
5734
5734
5734
5734
5734
5734
5734
5734
5734
5734
5734
5734
5734
5734
5734
5734
5734
5734
5734
5734
5734
5734
5734
5734
5734
5734
5734
5734
5734
5734
5734
5734
5734
5734
5734
5734
5734
5734
5734
5734
5734
5734
5734
5734
5734
5734
5734
5734
5734
5734
5734
5734
5734
5734
5734
5734
5734
5734
5734
5734
5734
5734
5734
5734
5734
5735
5735
5735
5735
5735
5735
5735
5735
5735
5735
5735
5735
5735
5735
5735
5735
5735
5735
5735
5735
5735
5735
5735
5735
5735
5735
5735
5735
5735
5735
5735
5735
5735
5735
5735
5735
5735
5735
5735
5735
5735
5735
5735
5735
5735
5735
5735
5735
5735
5735
5735
5735
5735
5735
5735
5735
5735
5735
5735
5735
5735
5735
5735
5735
5735
5735
5735
5735
5735
5735
5735
5735
5735
5735
5735
5735
5735
5735
5735
5735
5735
5735
5735
5735
5735
5735
5735
5735
5735
5735
5735
5735
5735
5735
5735
5735
5735
5735
5735
5735
5735
5735
5735
5735
5735
5735
5735
5735
5735
5735
5735
5735
5735
5735
5735
5735
5735
5735
5735
5735
5735
5735
5735
5735
5735
5736
5736
5737
5737
5737
5737
5737
5737
5737
5737
5737
5737
5737
5737
5737
5737
5737
5737
5737
5737
5737
5737
5737
5737
5737
5737
5737
5737
5737
5737
5737
5737
5737
5737
5737
5737
5737
5737
5737
5737
5738
5738
5738
5738
5738
5738
5738
5738
5738
5738
5738
5738
5738
5738
5738
5738
5738
5738
5738
5738
5738
5738
5738
5738
5738
5738
5738
5738
5738
5738
5738
5738
5738
5738
5738
5738
5738
5738
5738
5738
5738
5738
5738
5738
5738
5738
5738
5738
5738
5738
5738
5738
5738
5738
5738
5738
5738
5738
5738
5738
5738
5738
5738
5738
5738
5738
5738
5738
5738
5738
5738
5738
5738
5738
5738
5738
5738
5738
5738
5738
5738
5738
5738
5738
5739
5739
5739
5739
5739
5739
5739
5739
5739
5739
5739
5739
5739
5739
5739
5739
5739
5739
5739
5739
5739
5739
5739
5739
5739
5739
5739
5739
5739
5739
5739
5739
5739
5739
5739
5739
5739
5739
5739
5739
5739
5739
5739
5739
5739
5739
5739
5739
5739
5739
5739
5739
5739
5739
5739
5739
5739
5739
5739
5739
5739
5739
5739
5739
5739
5739
5739
5739
5739
5739
5739
5739
5739
5739
5739
5739
5739
5739
5739
5739
5739
5739
5739
5739
5739
5739
5739
5739
5739
5739
5739
5739
5739
5739
5739
5739
5739
5739
5739
5739
5739
5739
5739
5739
5739
5739
5739
5739
5739
5739
5739
5739
5739
5739
5739
5739
5739
5739
5739
5739
5739
5739
5739
5739
5739
5739
5739
5739
5739
5739
5739
5739
5739
5739
5739
5739
5739
5739
5739
5739
5739
5739
5739
5739
5739
5739
5739
5739
5739
5739
5739
5739
5739
5739
5739
5739
5739
5739
5739
5739
5739
5739
5740
5740
5740
5740
5740
5740
5740
5740
5740
5740
5740
5740
5740
5740
5740
5740
5740
5740
5740
5740
5740
5740
5740
5740
5740
5740
5740
5740
5740
5740
5740
5740
5740
5740
5740
5740
5740
5740
5740
5740
5740
5740
5740
5740
5740
5740
5740
5740
5740
5740
5740
5740
5740
5740
5740
5740
5740
5740
5740
5740
5740
5740
5740
5740
5740
5740
5740
5740
5740
5740
5740
5740
5740
5740
5740
5740
5740
5740
5740
5740
5740
5740
5740
5740
5740
5740
5740
5740
5740
5740
5740
5740
5740
5740
5740
5740
5740
5740
5740
5740
5740
5740
5740
5740
5740
5740
5740
5740
5740
5740
5740
5740
5740
5740
5740
5740
5740
5740
5740
5740
5740
5740
5740
5740
5740
5740
5740
5740
5740
5740
5740
5740
5740
5740
5740
5740
5740
5740
5740
5740
5740
5740
5740
5740
5740
5740
5740
5740
5740
5740
5740
5740
5740
5740
5740
5740
5740
5740
5740
5740
5740
5740
5740
5740
5740
5740
5740
5740
5740
5740
5740
5740
5740
5740
5740
5740
5740
5740
5740
5740
5740
5740
5740
5740
5740
5740
5740
5740
5740
5740
5740
5740
5740
5740
5740
5740
5740
5740
5740
5740
5740
5740
5740
5740
5740
5740
5740
5740
5740
5740
5740
5740
5740
5740
5740
5740
5740
5740
5740
5740
5740
5740
5740
5740
5740
5740
5740
5740
5740
5740
5740
5740
5740
5740
5740
5740
5740
5740
5740
5740
5740
5740
5740
5740
5740
5740
5740
5740
5740
5740
5740
5740
5740
5740
5740
5740
5740
5740
5740
5740
5740
5740
5740
5740
5740
5740
5740
5740
5740
5740
5740
5740
5740
5740
5740
5740
5740
5740
5740
5740
5740
5740
5740
5740
5740
5740
5740
5740
5740
5740
5740
5740
5740
5740
5740
5740
5740
5740
5740
5740
5740
5740
5740
5740
5740
5740
5740
5740
5740
5740
5740
5740
5740
5740
5740
5740
5740
5740
5740
5740
5740
5740
5740
5740
5740
5740
5740
5740
5740
5740
5740
5740
5740
5740
5740
5740
5740
5740
5740
5740
5740
5740
5740
5740
5740
5740
5740
5740
5740
5740
5740
5740
5740
5740
5740
5740
5740
5740
5740
5740
5740
5740
5740
5740
5740
5740
5740
5740
5740
5740
5740
5740
5740
5740
5740
5740
5740
5740
5740
5740
5740
5740
5740
5740
5740
5740
5740
5740
5740
5740
5740
5740
5740
5740
5740
5740
5740
5740
5740
5740
5740
5740
5740
5740
5740
5740
5740
5740
5740
5740
5740
5740
5740
5740
5740
5740
5740
5740
5740
5740
5740
5740
5740
5740
5740
5740
5740
5740
5740
5740
5740
5740
5740
5740
5740
5740
5740
5740
5741
5741
5741
5741
5741
5741
5741
5741
5741
5741
5741
5741
5741
5741
5741
5741
5741
5741
5741
5741
5741
5741
5741
5741
5741
5741
5741
5741
5741
5741
5741
5741
5741
5741
5742
5742
5742
5742
5742
5742
5742
5742
5742
5742
5742
5742
5742
5742
5742
5742
5742
5742
5742
5742
5742
5742
5742
5742
5742
5742
5742
5742
5742
5742
5742
5742
5742
5742
5742
5742
5742
5742
5742
5742
5742
5742
5742
5742
5742
5742
5742
5742
5742
5742
5742
5742
5742
5742
5742
5742
5742
5742
5742
5742
5742
5742
5742
5742
5742
5742
5742
5742
5742
5742
5742
5742
5742
5742
5742
5742
5742
5742
5742
5742
5742
5742
5742
5742
5742
5742
5742
5742
5742
5742
5742
5742
5742
5742
5742
5742
5742
5742
5742
5742
5742
5742
5742
5742
5742
5742
5742
5742
5742
5742
5742
5742
5742
5742
5742
5742
5742
5742
5742
5742
5742
5742
5742
5742
5743
5743
5743
5743
5743
5743
5743
5743
5743
5743
5743
5743
5743
5743
5743
5743
5743
5743
5743
5743
5743
5743
5743
5743
5743
5743
5743
5743
5743
5743
5743
5743
5743
5743
5743
5743
5743
5743
5743
5743
5743
5743
5743
5743
5743
5743
5743
5743
5743
5743
5743
5743
5743
5743
5743
5743
5743
5743
5743
5743
5743
5743
5743
5743
5743
5743
5743
5743
5743
5743
5743
5743
5743
5743
5743
5743
5743
5743
5743
5743
5743
5743
5743
5743
5743
5743
5743
5743
5743
5743
5743
5743
5743
5743
5743
5743
5743
5743
5743
5743
5743
5743
5743
5743
5743
5743
5743
5743
5743
5743
5743
5743
5743
5743
5743
5743
5743
5743
5743
5743
5743
5743
5743
5743
5743
5743
5743
5743
5743
5743
5743
5743
5743
5743
5743
5743
5743
5743
5743
5743
5743
5743
5743
5743
5743
5743
5743
5743
5743
5743
5743
5743
5743
5743
5743
5743
5743
5743
5743
5743
5743
5743
5743
5743
5743
5743
5743
5743
5743
5743
5743
5743
5743
5743
5743
5743
5743
5743
5743
5743
5743
5743
5743
5743
5743
5743
5743
5743
5743
5743
5743
5743
5743
5743
5743
5743
5743
5743
5743
5743
5743
5743
5743
5743
5743
5743
5743
5743
5743
5743
5743
5743
5743
5743
5743
5743
5743
5743
5743
5743
5743
5743
5743
5743
5743
5743
5743
5743
5743
5743
5743
5743
5743
5743
5743
5743
5743
5743
5743
5743
5743
5743
5743
5743
5744
5744
5744
5744
5744
5744
5744
5744
5744
5744
5744
5744
5744
5744
5744
5744
5744
5744
5744
5744
5744
5744
5744
5744
5744
5744
5744
5744
5744
5744
5744
5744
5744
5744
5744
5744
5744
5744
5744
5744
5744
5744
5744
5744
5744
5744
5744
5744
5744
5744
5744
5744
5744
5744
5744
5744
5744
5744
5744
5744
5744
5744
5744
5744
5744
5744
5744
5744
5744
5744
5744
5744
5744
5744
5744
5744
5744
5744
5744
5744
5744
5744
5744
5744
5744
5744
5744
5744
5744
5744
5744
5744
5744
5744
5744
5744
5744
5744
5744
5744
5744
5744
5744
5744
5744
5744
5744
5744
5744
5744
5744
5744
5744
5744
5744
5744
5744
5744
5744
5744
5744
5744
5744
5744
5744
5744
5744
5744
5744
5744
5744
5744
5744
5744
5744
5744
5744
5744
5744
5744
5744
5744
5744
5744
5744
5744
5744
5744
5744
5744
5744
5744
5744
5744
5744
5744
5744
5744
5744
5744
5744
5744
5744
5744
5744
5744
5744
5744
5744
5744
5744
5744
5744
5744
5744
5744
5744
5744
5744
5744
5744
5744
5744
5744
5744
5744
5744
5744
5744
5744
5744
5744
5744
5744
5744
5744
5744
5744
5744
5744
5744
5744
5744
5744
5744
5744
5744
5744
5744
5744
5744
5744
5744
5744
5744
5744
5744
5744
5744
5744
5744
5744
5744
5744
5744
5744
5744
5744
5744
5744
5744
5744
5744
5744
5744
5744
5744
5744
5744
5744
5744
5744
5744
5744
5744
5744
5744
5744
5744
5744
5744
5744
5744
5744
5744
5744
5744
5744
5744
5744
5744
5744
5744
5744
5744
5744
5744
5744
5744
5744
5744
5744
5744
5744
5744
5744
5744
5744
5744
5744
5744
5744
5744
5744
5744
5744
5744
5744
5744
5744
5744
5744
5744
5744
5744
5744
5744
5744
5744
5744
5744
5744
5744
5744
5744
5744
5744
5744
5744
5744
5744
5744
5744
5744
5744
5744
5744
5744
5744
5744
5744
5744
5744
5744
5744
5744
5744
5744
5744
5744
5744
5744
5744
5744
5744
5744
5744
5744
5745
5745
5745
5745
5745
5745
5745
5745
5745
5745
5745
5745
5745
5745
5749
5749
5749
5749
5749
5749
5749
5749
5749
5749
5749
5749
5749
5749
5749
5749
5749
5749
5749
5749
5749
5749
5749
5749
5749
5749
5749
5749
5749
5749
5749
5749
5749
5749
5749
5749
5749
5749
5749
5749
5749
5749
5749
5749
5749
5749
5749
5749
5749
5749
5749
5749
5749
5749
5749
5749
5749
5749
5749
5749
5749
5749
5749
5749
5749
5749
5749
5749
5749
5749
5749
5749
5749
5749
5749
5749
5749
5749
5749
5749
5749
5749
5749
5749
5749
5749
5749
5749
5749
5749
5749
5749
5749
5749
5749
5749
5749
5749
5749
5749
5749
5749
5749
5749
5749
5749
5749
5749
5749
5749
5749
5749
5749
5749
5749
5749
5749
5749
5749
5749
5749
5749
5749
5749
5749
5749
5749
5749
5749
5749
5749
5749
5749
5749
5749
5749
5749
5749
5749
5749
5749
5749
5749
5749
5749
5749
5749
5749
5749
5749
5749
5749
5749
5749
5749
5749
5749
5749
5749
5749
5749
5749
5749
5749
5749
5749
5749
5749
5749
5749
5749
5749
5749
5749
5749
5749
5749
5749
5749
5749
5749
5749
5749
5749
5749
5749
5749
5749
5749
5749
5749
5749
5749
5749
5749
5749
5749
5749
5749
5749
5749
5749
5749
5749
5749
5749
5749
5749
5749
5749
5749
5749
5749
5749
5749
5749
5749
5749
5749
5749
5749
5749
5749
5749
5749
5749
5749
5749
5749
5749
5749
5749
5749
5749
5749
5749
5749
5749
5749
5749
5749
5749
5749
5749
5749
5749
5749
5749
5749
5749
5749
5749
5749
5749
5749
5749
5749
5749
5749
5749
5749
5749
5749
5749
5749
5749
5749
5749
5749
5749
5749
5749
5749
5749
5749
5749
5749
5749
5749
5749
5749
5749
5749
5749
5749
5749
5749
5749
5749
5749
5749
5749
5749
5749
5749
5749
5749
5749
5749
5749
5749
5749
5749
5749
5749
5749
5749
5749
5749
5749
5749
5749
5749
5749
5749
5749
5749
5749
5749
5749
5749
5749
5749
5749
5749
5749
5749
5749
5749
5749
5749
5749
5749
5749
5749
5749
5749
5749
5749
5749
5749
5749
5749
5749
5749
5749
5749
5749
5749
5749
5749
5749
5749
5749
5749
5749
5749
5749
5749
5749
5749
5749
5749
5749
5749
5749
5749
5749
5749
5749
5749
5749
5749
5749
5749
5749
5749
5749
5749
5749
5749
5749
5749
5749
5749
5749
5749
5749
5749
5749
5749
5749
5749
5749
5749
5749
5749
5749
5749
5749
5749
5749
5749
5749
5749
5749
5749
5749
5749
5749
5749
5749
5749
5749
5749
5749
5749
5749
5749
5749
5749
5749
5749
5749
5749
5749
5749
5749
5749
5749
5749
5749
5749
5749
5749
5749
5749
5749
5749
5749
5749
5749
5749
5749
5749
5749
5749
5749
5749
5749
5749
5749
5749
5749
5749
5749
5749
5749
5749
5749
5749
5749
5749
5749
5749
5749
5749
5749
5749
5749
5749
5749
5749
5749
5749
5749
5749
5749
5749
5749
5749
5749
5749
5749
5749
5749
5749
5749
5749
5749
5749
5749
5749
5749
5749
5749
5749
5749
5749
5749
5749
5749
5749
5749
5749
5749
5749
5749
5749
5749
5749
5749
5749
5749
5749
5749
5749
5749
5749
5749
5749
5749
5749
5749
5749
5749
5749
5749
5749
5749
5749
5749
5749
5749
5749
5749
5749
5749
5749
5749
5749
5749
5749
5749
5749
5749
5749
5749
5749
5749
5749
5749
5749
5749
5749
5749
5749
5749
5749
5749
5749
5749
5749
5749
5749
5749
5749
5749
5749
5749
5749
5749
5749
5749
5749
5749
5749
5749
5749
5749
5749
5749
5749
5749
5749
5749
5749
5749
5749
5749
5749
5749
5749
5749
5749
5749
5749
5749
5749
5749
5749
5749
5749
5749
5749
5749
5749
5749
5749
5749
5749
5749
5749
5749
5749
5749
5749
5749
5749
5749
5749
5749
5749
5749
5749
5749
5749
5749
5749
5749
5749
5749
5749
5749
5749
5749
5749
5749
5749
5749
5749
5749
5749
5749
5749
5749
5749
5749
5749
5749
5749
5749
5749
5749
5749
5749
5749
5749
5749
5749
5749
5749
5749
5749
5749
5749
5749
5749
5749
5749
5749
5749
5749
5749
5749
5749
5749
5749
5749
5749
5749
5749
5749
5749
5749
5749
5749
5749
5749
5749
5749
5749
5749
5749
5749
5749
5749
5749
5749
5749
5749
5749
5749
5749
5749
5749
5749
5749
5749
5749
5749
5749
5749
5749
5749
5749
5749
5749
5749
5749
5749
5749
5749
5749
5749
5749
5749
5749
5749
5749
5749
5749
5749
5749
5749
5749
5749
5749
5749
5749
5749
5749
5749
5749
5749
5749
5749
5749
5749
5749
5749
5749
5749
5749
5749
5749
5749
5749
5749
5749
5749
5751
5751
5751
5751
5751
5751
5751
5751
5751
5751
5751
5751
5751
5751
5751
5751
5751
5751
5751
5751
5751
5751
5751
5751
5751
5751
5751
5751
5751
5751
5751
5751
5751
5751
5751
5751
5751
5751
5751
5751
5751
5751
5751
5751
5751
5751
5751
5751
5751
5751
5751
5751
5751
5751
5751
5751
5751
5751
5751
5751
5751
5751
5751
5751
5751
5751
5751
5751
5751
5751
5751
5751
5751
5751
5751
5751
5751
5751
5751
5751
5751
5751
5751
5751
5751
5751
5751
5751
5751
5751
5751
5751
5751
5751
5751
5751
5751
5751
5751
5751
5751
5751
5751
5751
5751
5751
5751
5751
5751
5751
5751
5751
5751
5751
5751
5751
5751
5751
5751
5751
5751
5751
5751
5751
5751
5751
5751
5751
5751
5751
5751
5751
5751
5751
5751
5751
5751
5751
5751
5751
5751
5751
5751
5751
5751
5751
5751
5751
5751
5751
5751
5751
5751
5751
5751
5751
5751
5751
5751
5751
5751
5751
5751
5751
5751
5751
5751
5751
5751
5751
5751
5751
5751
5751
5751
5751
5751
5751
5751
5751
5751
5751
5751
5751
5751
5751
5751
5751
5751
5751
5751
5751
5751
5751
5751
5751
5751
5751
5751
5751
5751
5751
5751
5751
5751
5751
5751
5751
5751
5751
5751
5751
5751
5751
5751
5751
5751
5751
5751
5751
5751
5751
5751
5751
5751
5751
5751
5751
5751
5751
5751
5751
5752
5752
5752
5752
5752
5752
5752
5752
5752
5752
5752
5752
5752
5752
5752
5752
5752
5752
5752
5752
5752
5752
5752
5752
5752
5752
5752
5752
5752
5752
5752
5752
5752
5752
5752
5752
5752
5752
5752
5752
5752
5752
5752
5752
5752
5752
5752
5752
5752
5752
5752
5752
5752
5752
5752
5752
5752
5752
5752
5752
5752
5752
5752
5752
5752
5752
5752
5752
5752
5752
5752
5752
5752
5752
5752
5752
5752
5752
5752
5752
5752
5752
5752
5752
5752
5752
5752
5752
5752
5752
5752
5752
5752
5752
5752
5752
5752
5752
5752
5752
5752
5752
5752
5752
5752
5752
5752
5752
5752
5752
5752
5752
5752
5752
5752
5752
5752
5752
5752
5752
5752
5752
5752
5752
5752
5752
5752
5752
5752
5752
5752
5752
5752
5752
5752
5752
5752
5752
5752
5752
5752
5752
5752
5752
5752
5752
5752
5752
5752
5752
5752
5752
5752
5752
5752
5752
5752
5752
5752
5752
5752
5752
5752
5752
5752
5752
5752
5752
5752
5752
5752
5752
5752
5752
5752
5752
5752
5753
5753
5753
5753
5753
5753
5753
5753
5753
5753
5753
5753
5753
5753
5753
5753
5753
5753
5753
5753
5753
5753
5753
5753
5753
5753
5753
5753
5753
5753
5753
5753
5753
5753
5753
5753
5753
5753
5753
5753
5753
5753
5753
5753
5753
5753
5753
5753
5753
5753
5753
5753
5753
5753
5753
5753
5753
5753
5753
5753
5753
5753
5753
5753
5753
5753
5753
5753
5753
5753
5753
5753
5753
5753
5753
5753
5753
5753
5753
5753
5753
5753
5753
5753
5753
5753
5753
5753
5753
5753
5753
5753
5753
5753
5753
5753
5753
5753
5753
5753
5753
5753
5753
5753
5753
5753
5753
5753
5753
5753
5753
5753
5753
5753
5753
5753
5753
5753
5753
5753
5753
5753
5753
5753
5753
5753
5753
5753
5753
5753
5753
5753
5753
5753
5753
5753
5753
5753
5753
5753
5753
5753
5753
5753
5753
5753
5753
5753
5753
5753
5753
5753
5753
5753
5753
5753
5753
5753
5753
5754
5754
5754
5754
5754
5754
5754
5754
5754
5754
5754
5754
5754
5754
5754
5754
5754
5754
5754
5754
5754
5754
5754
5754
5754
5754
5754
5754
5754
5754
5754
5754
5754
5754
5754
5754
5754
5754
5754
5754
5754
5754
5754
5754
5754
5754
5754
5754
5754
5754
5754
5754
5754
5754
5754
5754
5754
5754
5754
5754
5754
5754
5754
5754
5754
5754
5754
5754
5754
5754
5754
5754
5754
5754
5754
5754
5754
5754
5754
5754
5754
5754
5754
5754
5754
5754
5754
5754
5754
5754
5754
5754
5754
5754
5754
5754
5754
5754
5754
5754
5754
5754
5754
5754
5754
5754
5754
5754
5754
5754
5754
5754
5754
5754
5754
5754
5754
5754
5754
5754
5754
5754
5754
5754
5754
5754
5754
5754
5754
5754
5754
5754
5754
5754
5754
5754
5754
5754
5754
5754
5754
5754
5754
5754
5754
5754
5754
5754
5754
5754
5754
5754
5754
5754
5754
5754
5754
5754
5754
5754
5754
5754
5754
5754
5754
5754
5754
5754
5754
5754
5754
5754
5754
5754
5754
5754
5754
5754
5754
5754
5754
5754
5754
5754
5754
5754
5754
5754
5754
5754
5754
5754
5754
5754
5754
5754
5754
5754
5754
5754
5754
5754
5754
5754
5754
5754
5754
5754
5754
5754
5754
5754
5754
5754
5754
5755
5755
5755
5755
5755
5755
5755
5755
5755
5755
5755
5755
5755
5755
5755
5755
5755
5755
5755
5755
5755
5755
5755
5755
5755
5755
5755
5755
5755
5755
5755
5755
5755
5755
5755
5755
5755
5755
5755
5755
5755
5755
5755
5755
5755
5755
5755
5755
5755
5755
5755
5755
5755
5755
5755
5755
5755
5755
5755
5755
5755
5755
5755
5755
5755
5755
5755
5755
5755
5755
5755
5755
5755
5755
5755
5755
5755
5755
5755
5755
5755
5755
5755
5755
5755
5755
5755
5755
5755
5755
5755
5755
5755
5755
5755
5755
5755
5755
5755
5755
5755
5755
5755
5755
5755
5755
5755
5755
5755
5755
5755
5755
5755
5755
5755
5755
5755
5755
5755
5755
5755
5755
5755
5755
5755
5755
5755
5755
5755
5755
5755
5755
5755
5755
5755
5755
5755
5755
5755
5755
5755
5755
5755
5755
5755
5755
5755
5755
5755
5755
5755
5755
5755
5755
5755
5755
5755
5755
5755
5755
5755
5755
5755
5755
5755
5755
5755
5755
5755
5755
5755
5755
5755
5755
5755
5755
5755
5755
5755
5755
5755
5755
5755
5755
5755
5755
5755
5755
5755
5755
5755
5755
5755
5755
5755
5755
5755
5755
5755
5755
5755
5755
5755
5755
5755
5755
5755
5755
5755
5755
5755
5755
5755
5755
5755
5755
5755
5755
5755
5755
5755
5755
5755
5755
5755
5755
5755
5755
5755
5755
5755
5755
5755
5755
5755
5755
5755
5755
5755
5755
5755
5755
5755
5755
5755
5755
5755
5755
5755
5755
5755
5755
5755
5755
5755
5755
5755
5755
5755
5755
5755
5755
5755
5755
5755
5755
5755
5755
5755
5755
5755
5755
5755
5755
5755
5755
5755
5755
5755
5755
5755
5755
5755
5755
5755
5755
5755
5755
5755
5755
5755
5755
5755
5755
5755
5755
5755
5755
5755
5755
5755
5755
5755
5755
5755
5755
5755
5755
5755
5755
5755
5755
5755
5755
5755
5755
5755
5755
5755
5755
5755
5755
5755
5755
5755
5755
5755
5755
5755
5755
5755
5755
5755
5755
5755
5755
5755
5755
5755
5755
5755
5755
5755
5755
5755
5755
5755
5755
5755
5755
5755
5755
5755
5755
5755
5755
5755
5755
5755
5755
5755
5755
5755
5755
5755
5755
5755
5755
5755
5755
5755
5755
5755
5755
5755
5755
5755
5755
5755
5755
5755
5755
5755
5755
5755
5755
5755
5755
5755
5755
5755
5755
5755
5755
5755
5755
5755
5755
5755
5755
5755
5755
5755
5755
5755
5755
5755
5755
5755
5755
5755
5755
5755
5755
5755
5755
5755
5755
5755
5755
5755
5755
5755
5755
5755
5755
5755
5755
5755
5755
5755
5755
5755
5755
5755
5755
5755
5755
5755
5755
5755
5755
5755
5755
5755
5755
5755
5755
5755
5755
5755
5755
5755
5755
5755
5755
5755
5755
5755
5755
5755
5755
5755
5755
5755
5755
5755
5755
5755
5755
5755
5755
5755
5755
5755
5755
5755
5755
5755
5755
5755
5755
5755
5755
5755
5755
5755
5755
5755
5755
5755
5755
5755
5755
5755
5755
5755
5755
5755
5755
5755
5755
5755
5755
5755
5755
5755
5755
5755
5755
5755
5755
5755
5755
5755
5755
5755
5755
5755
5755
5755
5755
5755
5755
5755
5755
5755
5755
5755
5755
5755
5755
5755
5755
5755
5755
5755
5755
5755
5755
5755
5755
5755
5755
5755
5755
5755
5755
5755
5755
5755
5755
5755
5755
5755
5755
5755
5755
5755
5755
5755
5755
5755
5755
5755
5755
5755
5755
5755
5755
5755
5755
5755
5755
5755
5755
5755
5755
5755
5755
5755
5755
5755
5755
5755
5755
5755
5755
5755
5755
5755
5755
5755
5755
5755
5755
5755
5755
5755
5755
5755
5755
5755
5755
5755
5755
5755
5755
5755
5755
5755
5755
5755
5755
5755
5755
5755
5755
5755
5755
5755
5755
5755
5755
5755
5755
5755
5755
5755
5755
5755
5755
5755
5755
5755
5755
5755
5755
5755
5755
5755
5755
5755
5755
5755
5755
5755
5755
5755
5755
5755
5755
5755
5755
5755
5755
5755
5755
5755
5755
5755
5755
5755
5755
5755
5755
5755
5755
5755
5755
5755
5755
5755
5755
5755
5755
5755
5755
5755
5755
5755
5755
5755
5755
5755
5755
5755
5755
5755
5755
5755
5755
5755
5755
5755
5755
5755
5755
5755
5755
5755
5755
5755
5755
5755
5755
5755
5755
5755
5755
5755
5755
5755
5755
5755
5755
5755
5755
5755
5755
5755
5755
5755
5755
5755
5755
5755
5755
5755
5756
5756
5756
5756
5756
5756
5756
5756
5756
5756
5756
5756
5756
5756
5756
5756
5756
5756
5756
5756
5756
5756
5756
5756
5756
5756
5756
5756
5756
5756
5756
5756
5756
5756
5756
5756
5756
5756
5756
5756
5756
5756
5756
5756
5756
5756
5756
5756
5756
5756
5756
5756
5756
5756
5756
5756
5756
5756
5756
5756
5756
5756
5756
5756
5756
5756
5756
5756
5756
5756
5756
5756
5756
5756
5756
5756
5756
5756
5756
5756
5756
5756
5756
5756
5756
5756
5756
5756
5756
5756
5756
5756
5756
5756
5756
5756
5756
5756
5756
5756
5756
5756
5756
5756
5756
5756
5756
5756
5756
5756
5756
5756
5756
5756
5756
5756
5756
5756
5756
5756
5756
5756
5756
5756
5756
5756
5756
5756
5756
5756
5756
5756
5756
5756
5756
5756
5756
5756
5756
5756
5756
5756
5756
5756
5756
5756
5756
5756
5756
5756
5756
5756
5756
5756
5756
5756
5756
5756
5756
5756
5756
5756
5756
5756
5756
5756
5756
5756
5756
5756
5756
5756
5756
5756
5756
5756
5756
5756
5756
5756
5756
5756
5756
5756
5756
5756
5756
5756
5756
5756
5756
5756
5757
5757
5757
5757
5757
5757
5757
5757
5757
5757
5757
5757
5757
5757
5757
5757
5757
5757
5757
5757
5757
5757
5757
5757
5757
5757
5757
5757
5757
5757
5757
5757
5757
5757
5757
5757
5757
5757
5757
5757
5757
5757
5757
5757
5757
5757
5757
5757
5757
5757
5757
5757
5757
5757
5757
5757
5757
5757
5757
5757
5757
5757
5757
5757
5757
5757
5757
5757
5757
5757
5757
5757
5757
5757
5757
5757
5757
5757
5757
5757
5757
5757
5757
5757
5757
5757
5757
5757
5757
5757
5757
5757
5757
5757
5757
5757
5757
5757
5757
5757
5757
5757
5757
5757
5757
5757
5757
5757
5757
5757
5757
5757
5757
5757
5757
5757
5757
5757
5757
5757
5757
5757
5757
5757
5757
5757
5757
5757
5757
5757
5757
5757
5757
5757
5757
5757
5757
5757
5757
5757
5757
5757
5757
5757
5757
5757
5757
5757
5757
5757
5757
5757
5757
5757
5757
5757
5757
5757
5757
5757
5757
5757
5757
5757
5757
5757
5757
5757
5757
5757
5757
5757
5757
5757
5757
5757
5757
5757
5757
5757
5757
5757
5757
5757
5757
5757
5757
5757
5757
5757
5757
5757
5757
5757
5757
5757
5757
5757
5757
5757
5757
5757
5757
5757
5757
5757
5757
5757
5757
5757
5757
5757
5757
5757
5757
5757
5757
5757
5757
5757
5757
5757
5757
5757
5757
5757
5757
5757
5757
5757
5757
5757
5757
5757
5757
5757
5757
5757
5757
5757
5757
5757
5757
5757
5757
5757
5757
5757
5757
5757
5757
5757
5757
5757
5757
5757
5757
5757
5757
5757
5757
5757
5757
5757
5757
5757
5757
5757
5757
5757
5757
5757
5757
5757
5757
5758
5758
5758
5758
5758
5758
5758
5758
5758
5758
5758
5758
5758
5758
5758
5758
5758
5758
5758
5758
5758
5758
5758
5758
5758
5758
5758
5758
5758
5758
5758
5758
5758
5758
5758
5758
5758
5758
5758
5758
5758
5758
5758
5758
5758
5758
5758
5758
5758
5758
5758
5758
5758
5758
5758
5758
5758
5758
5758
5758
5758
5758
5758
5758
5758
5758
5758
5758
5758
5758
5758
5758
5758
5758
5758
5758
5758
5758
5758
5758
5758
5758
5758
5758
5758
5758
5758
5758
5758
5758
5758
5758
5758
5758
5758
5758
5758
5758
5758
5758
5758
5758
5758
5758
5758
5758
5758
5758
5758
5758
5758
5758
5758
5758
5758
5758
5758
5758
5758
5758
5758
5758
5758
5758
5758
5758
5758
5758
5758
5758
5758
5758
5758
5758
5758
5758
5758
5758
5758
5758
5758
5758
5758
5758
5758
5758
5758
5758
5758
5758
5758
5758
5758
5758
5758
5758
5758
5758
5758
5758
5758
5758
5758
5758
5758
5758
5758
5758
5758
5758
5758
5758
5758
5758
5758
5758
5758
5758
5758
5758
5758
5758
5758
5758
5758
5758
5758
5758
5758
5758
5758
5758
5758
5758
5758
5758
5758
5758
5758
5758
5758
5758
5758
5758
5758
5758
5758
5758
5758
5758
5758
5758
5758
5758
5758
5758
5758
5758
5758
5758
5758
5758
5758
5758
5758
5758
5758
5758
5758
5758
5758
5758
5758
5758
5758
5758
5758
5758
5758
5758
5758
5758
5758
5758
5758
5758
5758
5758
5758
5758
5758
5758
5758
5758
5758
5758
5759
5759
5759
5759
5759
5759
5759
5759
5759
5759
5759
5759
5759
5759
5759
5759
5759
5759
5759
5759
5759
5759
5759
5759
5759
5759
5759
5759
5759
5759
5759
5759
5759
5759
5759
5759
5759
5759
5759
5759
5759
5759
5759
5759
5759
5759
5759
5759
5759
5759
5759
5759
5759
5759
5759
5759
5759
5759
5759
5759
5759
5759
5759
5759
5759
5759
5759
5759
5759
5759
5759
5759
5759
5759
5759
5759
5759
5759
5759
5759
5759
5759
5759
5759
5759
5759
5759
5759
5759
5759
5759
5759
5759
5759
5759
5759
5759
5759
5759
5759
5759
5759
5759
5759
5759
5759
5759
5759
5759
5759
5759
5759
5759
5759
5759
5759
5759
5759
5759
5759
5759
5759
5759
5759
5759
5759
5759
5759
5759
5759
5759
5759
5759
5759
5759
5759
5759
5759
5759
5759
5759
5759
5759
5759
5759
5759
5759
5759
5759
5759
5759
5759
5759
5759
5759
5759
5759
5759
5759
5759
5759
5759
5759
5759
5759
5759
5759
5759
5759
5759
5759
5759
5759
5759
5760
5760
5760
5760
5760
5760
5760
5760
5760
5760
5760
5760
5760
5760
5760
5760
5760
5760
5760
5760
5760
5760
5760
5760
5760
5760
5760
5760
5760
5760
5760
5760
5760
5760
5760
5760
5760
5760
5760
5760
5760
5760
5760
5760
5760
5760
5760
5760
5760
5760
5760
5760
5760
5760
5760
5760
5760
5760
5760
5760
5760
5760
5760
5760
5760
5760
5760
5760
5760
5760
5760
5760
5760
5760
5760
5760
5760
5760
5760
5760
5760
5760
5760
5760
5760
5760
5760
5760
5760
5760
5760
5760
5760
5760
5760
5760
5760
5760
5760
5760
5760
5760
5760
5760
5760
5760
5760
5760
5760
5760
5760
5760
5760
5760
5760
5760
5760
5760
5760
5760
5760
5760
5760
5760
5760
5760
5760
5760
5760
5760
5760
5760
5760
5760
5763
5763
5763
5763
5763
5763
5763
5763
5763
5763
5763
5763
5763
5763
5763
5763
5763
5763
5763
5763
5763
5763
5763
5763
5763
5763
5763
5763
5763
5763
5763
5763
5763
5763
5763
5763
5763
5763
5763
5763
5763
5763
5763
5763
5763
5763
5763
5763
5763
5763
5763
5763
5763
5763
5763
5763
5763
5763
5763
5763
5763
5763
5763
5763
5763
5763
5763
5763
5763
5763
5763
5763
5763
5763
5763
5763
5763
5763
5763
5763
5763
5763
5763
5763
5763
5763
5763
5763
5763
5763
5763
5763
5763
5763
5763
5763
5763
5763
5763
5763
5763
5763
5763
5763
5763
5763
5763
5763
5763
5763
5763
5763
5763
5763
5763
5763
5763
5763
5763
5763
5763
5763
5763
5763
5763
5763
5763
5763
5763
5763
5763
5763
5763
5763
5763
5763
5763
5763
5763
5763
5763
5763
5763
5763
5763
5763
5763
5763
5763
5763
5763
5763
5763
5763
5763
5763
5763
5763
5763
5763
5763
5763
5763
5763
5763
5763
5763
5763
5763
5763
5763
5763
5763
5763
5763
5763
5763
5763
5763
5763
5763
5763
5763
5763
5763
5763
5763
5763
5763
5763
5763
5763
5763
5763
5763
5763
5763
5763
5763
5763
5763
5763
5763
5763
5763
5763
5763
5763
5763
5763
5763
5763
5763
5763
5763
5763
5763
5763
5763
5763
5763
5763
5763
5763
5763
5763
5763
5763
5763
5763
5763
5763
5763
5763
5763
5763
5763
5763
5763
5763
5763
5763
5763
5763
5763
5763
5763
5763
5763
5763
5763
5763
5763
5763
5763
5763
5763
5763
5763
5763
5763
5763
5763
5763
5763
5763
5763
5763
5763
5763
5763
5763
5763
5763
5763
5763
5763
5763
5763
5763
5763
5763
5763
5763
5763
5763
5763
5763
5763
5763
5763
5763
5763
5763
5763
5763
5763
5763
5763
5763
5763
5763
5763
5763
5763
5763
5763
5763
5763
5763
5763
5763
5763
5763
5763
5763
5763
5763
5763
5763
5763
5763
5763
5763
5763
5763
5763
5763
5763
5763
5763
5763
5763
5763
5763
5763
5763
5763
5763
5763
5763
5763
5763
5763
5763
5763
5763
5763
5763
5763
5763
5763
5763
5763
5763
5763
5763
5763
5763
5763
5763
5763
5763
5763
5763
5763
5763
5763
5763
5763
5763
5763
5763
5763
5763
5763
5763
5763
5763
5763
5763
5763
5763
5763
5763
5763
5763
5763
5763
5763
5763
5763
5763
5763
5763
5763
5763
5763
5763
5763
5763
5763
5763
5763
5763
5763
5763
5763
5763
5763
5763
5763
5763
5763
5763
5763
5763
5763
5763
5763
5763
5763
5763
5763
5763
5763
5763
5763
5763
5763
5763
5763
5763
5763
5763
5763
5763
5763
5763
5763
5763
5763
5763
5763
5763
5763
5763
5763
5763
5763
5763
5763
5763
5763
5763
5763
5763
5763
5763
5763
5763
5763
5763
5763
5763
5763
5763
5763
5763
5763
5763
5763
5763
5763
5763
5763
5763
5763
5763
5763
5763
5763
5763
5763
5763
5763
5763
5763
5763
5763
5763
5763
5763
5763
5763
5763
5763
5763
5763
5763
5763
5763
5763
5763
5763
5763
5763
5763
5763
5763
5763
5763
5763
5763
5763
5763
5763
5763
5763
5763
5763
5763
5763
5763
5763
5763
5763
5763
5763
5763
5763
5763
5763
5763
5763
5763
5763
5763
5763
5763
5763
5763
5763
5763
5763
5763
5763
5763
5763
5763
5763
5763
5763
5763
5763
5763
5763
5763
5763
5763
5763
5763
5763
5763
5763
5763
5763
5763
5763
5763
5763
5763
5763
5763
5763
5763
5763
5763
5763
5763
5763
5763
5763
5763
5763
5763
5763
5763
5763
5763
5763
5763
5763
5763
5763
5763
5763
5763
5763
5763
5763
5763
5763
5763
5763
5763
5763
5763
5763
5763
5763
5763
5763
5763
5763
5763
5763
5763
5763
5763
5763
5763
5763
5763
5763
5763
5763
5763
5763
5763
5763
5763
5763
5763
5763
5763
5763
5763
5763
5763
5763
5763
5763
5763
5763
5763
5763
5763
5763
5763
5763
5763
5763
5763
5763
5763
5763
5763
5763
5763
5763
5763
5763
5763
5763
5763
5763
5763
5763
5763
5763
5763
5763
5763
5763
5763
5763
5763
5763
5763
5763
5763
5763
5763
5763
5763
5763
5763
5763
5763
5763
5763
5763
5763
5763
5763
5763
5763
5763
5763
5763
5763
5763
5763
5763
5763
5763
5763
5763
5763
5763
5763
5763
5763
5763
5763
5763
5763
5763
5763
5763
5763
5763
5763
5763
5763
5763
5763
5763
5763
5763
5763
5763
5763
5763
5763
5763
5763
5763
5763
5763
5763
5763
5763
5763
5763
5763
5763
5763
5763
5763
5763
5763
5763
5763
5763
5763
5763
5763
5763
5763
5763
5763
5764
5764
5764
5764
5764
5764
5764
5764
5764
5764
5764
5764
5764
5764
5764
5764
5764
5764
5764
5764
5764
5764
5764
5764
5764
5764
5764
5764
5764
5764
5764
5764
5764
5764
5764
5764
5764
5764
5764
5764
5764
5764
5764
5764
5764
5764
5764
5764
5764
5764
5764
5764
5764
5764
5764
5764
5764
5764
5764
5764
5764
5764
5764
5764
5764
5764
5764
5764
5764
5764
5764
5764
5764
5764
5764
5764
5764
5764
5764
5764
5764
5764
5764
5764
5764
5764
5764
5764
5764
5764
5764
5764
5764
5764
5764
5764
5764
5764
5764
5764
5764
5764
5764
5764
5764
5764
5764
5764
5764
5764
5764
5764
5764
5764
5764
5764
5764
5764
5764
5764
5764
5764
5764
5764
5764
5765
5765
5765
5765
5765
5765
5765
5765
5765
5765
5765
5765
5765
5765
5765
5765
5765
5765
5765
5765
5765
5765
5765
5765
5765
5765
5765
5765
5765
5765
5765
5765
5765
5765
5765
5765
5765
5765
5765
5765
5765
5765
5765
5765
5765
5765
5765
5765
5765
5765
5765
5765
5765
5765
5765
5765
5765
5765
5765
5765
5765
5765
5765
5765
5765
5765
5765
5765
5765
5765
5765
5765
5765
5765
5765
5765
5765
5765
5765
5765
5765
5765
5765
5765
5765
5765
5765
5765
5765
5765
5765
5765
5765
5765
5765
5765
5765
5765
5765
5765
5765
5771
5771
5771
5771
5771
5771
5771
5771
5771
5771
5771
5771
5771
5771
5771
5771
5771
5771
5771
5771
5771
5771
5771
5771
5771
5771
5771
5771
5771
5771
5771
5771
5771
5771
5771
5771
5771
5771
5771
5771
5771
5771
5771
5771
5771
5771
5771
5771
5771
5771
5771
5771
5771
5771
5771
5771
5771
5771
5771
5771
5771
5771
5771
5771
5771
5771
5771
5771
5771
5771
5771
5771
5771
5771
5771
5771
5771
5771
5771
5771
5771
5771
5771
5771
5771
5771
5771
5771
5771
5771
5771
5771
5771
5771
5771
5771
5771
5771
5771
5771
5771
5771
5771
5771
5771
5771
5771
5771
5771
5771
5771
5771
5771
5771
5771
5771
5771
5771
5771
5771
5771
5771
5771
5771
5771
5771
5771
5771
5771
5771
5771
5771
5771
5771
5771
5771
5771
5771
5771
5771
5771
5771
5771
5771
5771
5771
5771
5771
5771
5771
5771
5771
5771
5771
5771
5771
5771
5771
5771
5771
5771
5771
5771
5771
5771
5771
5771
5771
5771
5771
5771
5771
5771
5771
5771
5771
5771
5771
5771
5771
5771
5771
5771
5771
5771
5771
5771
5771
5771
5771
5771
5771
5771
5771
5771
5771
5771
5771
5771
5771
5771
5771
5771
5771
5771
5771
5771
5771
5771
5771
5771
5771
5771
5771
5771
5771
5771
5771
5771
5771
5771
5771
5771
5771
5771
5771
5771
5771
5771
5771
5771
5771
5771
5771
5771
5771
5771
5771
5771
5771
5771
5771
5771
5771
5771
5771
5771
5771
5771
5771
5771
5771
5771
5771
5771
5771
5771
5771
5771
5771
5771
5771
5771
5771
5771
5771
5771
5771
5771
5771
5771
5771
5771
5771
5771
5771
5771
5771
5771
5771
5771
5771
5771
5771
5771
5771
5771
5771
5771
5771
5771
5771
5771
5771
5771
5771
5771
5771
5771
5771
5771
5771
5771
5771
5771
5771
5771
5771
5771
5771
5771
5771
5771
5771
5771
5771
5771
5771
5771
5771
5771
5771
5771
5771
5771
5771
5771
5771
5771
5771
5771
5771
5771
5771
5771
5771
5771
5771
5771
5771
5771
5771
5771
5771
5771
5771
5771
5771
5771
5771
5771
5771
5771
5771
5771
5771
5771
5771
5771
5771
5771
5771
5771
5771
5771
5771
5771
5771
5771
5771
5771
5771
5771
5771
5771
5771
5771
5771
5771
5771
5771
5771
5771
5771
5771
5771
5771
5771
5771
5771
5771
5771
5771
5771
5771
5771
5771
5771
5771
5771
5771
5771
5771
5771
5771
5771
5771
5771
5771
5771
5771
5771
5771
5771
5771
5771
5771
5771
5771
5771
5771
5771
5771
5771
5771
5771
5771
5771
5771
5771
5771
5771
5771
5771
5771
5771
5771
5771
5771
5771
5771
5771
5771
5771
5771
5771
5771
5771
5771
5771
5771
5771
5771
5771
5771
5771
5771
5771
5771
5771
5771
5771
5771
5771
5771
5771
5771
5771
5771
5771
5771
5771
5771
5771
5771
5771
5771
5771
5771
5771
5771
5771
5771
5771
5771
5771
5771
5771
5771
5771
5771
5771
5771
5771
5771
5771
5771
5771
5771
5771
5771
5771
5771
5771
5771
5771
5771
5771
5771
5771
5771
5771
5771
5771
5771
5771
5771
5771
5771
5771
5771
5771
5771
5771
5771
5771
5771
5771
5771
5771
5771
5771
5771
5771
5771
5771
5771
5771
5771
5771
5771
5771
5771
5771
5771
5771
5771
5771
5771
5771
5771
5771
5771
5771
5771
5771
5771
5771
5771
5771
5771
5771
5771
5771
5771
5771
5771
5771
5771
5771
5771
5771
5771
5771
5771
5771
5771
5771
5771
5771
5771
5771
5771
5771
5771
5771
5771
5771
5771
5771
5771
5771
5771
5771
5771
5771
5771
5771
5771
5771
5771
5771
5771
5771
5771
5771
5771
5771
5771
5771
5771
5771
5771
5771
5771
5771
5771
5771
5771
5771
5771
5771
5771
5771
5771
5771
5771
5771
5771
5771
5771
5771
5771
5771
5771
5771
5771
5771
5771
5771
5771
5771
5771
5771
5771
5771
5771
5771
5771
5771
5771
5771
5771
5771
5771
5771
5771
5771
5771
5771
5771
5771
5771
5771
5771
5771
5771
5772
5772
5772
5772
5772
5772
5772
5772
5772
5772
5772
5772
5772
5772
5772
5772
5772
5772
5772
5772
5772
5772
5772
5772
5772
5772
5772
5772
5772
5772
5772
5772
5772
5772
5772
5772
5772
5772
5772
5772
5772
5772
5772
5772
5772
5772
5772
5772
5772
5772
5772
5772
5772
5772
5772
5772
5772
5772
5772
5772
5772
5772
5772
5772
5772
5772
5772
5772
5772
5772
5772
5772
5772
5772
5772
5772
5772
5772
5772
5772
5772
5772
5772
5772
5772
5772
5772
5772
5772
5772
5772
5772
5772
5772
5772
5772
5772
5772
5772
5772
5772
5772
5772
5772
5772
5772
5772
5772
5772
5772
5772
5772
5772
5772
5772
5772
5772
5772
5772
5772
5772
5772
5772
5772
5772
5772
5772
5772
5772
5772
5772
5772
5772
5772
5772
5772
5772
5772
5772
5772
5772
5772
5772
5772
5772
5772
5772
5772
5772
5772
5772
5772
5772
5772
5772
5772
5772
5772
5772
5772
5772
5772
5772
5772
5772
5772
5772
5772
5772
5772
5772
5772
5772
5772
5772
5772
5772
5772
5772
5772
5772
5772
5772
5772
5772
5772
5772
5772
5772
5772
5772
5772
5772
5773
5773
5773
5773
5773
5773
5773
5773
5773
5773
5773
5773
5773
5773
5773
5773
5773
5773
5773
5773
5773
5773
5773
5773
5773
5773
5773
5773
5773
5773
5773
5773
5773
5773
5773
5773
5773
5773
5773
5773
5773
5773
5773
5773
5773
5773
5773
5773
5773
5773
5773
5773
5773
5773
5773
5773
5773
5773
5773
5773
5773
5773
5773
5773
5773
5773
5773
5773
5773
5773
5773
5773
5773
5773
5773
5773
5773
5773
5773
5773
5773
5773
5773
5773
5773
5773
5773
5773
5773
5773
5773
5773
5773
5773
5773
5773
5773
5773
5773
5773
5773
5773
5773
5773
5773
5773
5773
5773
5773
5773
5773
5773
5773
5773
5773
5773
5773
5773
5773
5773
5773
5773
5773
5773
5773
5773
5773
5773
5773
5773
5773
5773
5773
5773
5773
5773
5773
5773
5773
5773
5773
5773
5773
5773
5773
5773
5773
5773
5773
5773
5773
5773
5773
5773
5773
5773
5773
5773
5773
5773
5773
5773
5773
5773
5773
5773
5773
5773
5773
5773
5773
5773
5773
5773
5774
5774
5774
5774
5774
5774
5774
5774
5774
5774
5774
5774
5774
5774
5774
5774
5774
5774
5774
5774
5774
5774
5774
5774
5774
5774
5774
5774
5774
5774
5774
5774
5774
5774
5774
5774
5774
5774
5774
5774
5774
5774
5774
5774
5774
5774
5774
5774
5774
5774
5774
5774
5774
5774
5774
5774
5774
5774
5774
5774
5774
5774
5774
5774
5774
5774
5774
5774
5774
5774
5774
5774
5774
5774
5774
5774
5774
5774
5774
5774
5774
5774
5774
5774
5775
5775
5775
5775
5775
5775
5775
5775
5775
5775
5775
5775
5775
5775
5775
5775
5775
5775
5775
5775
5775
5775
5775
5775
5775
5775
5775
5775
5775
5775
5775
5775
5775
5775
5775
5775
5775
5775
5775
5775
5775
5775
5775
5775
5775
5775
5775
5775
5775
5775
5775
5775
5775
5775
5775
5775
5775
5775
5775
5775
5775
5775
5775
5775
5775
5775
5775
5775
5775
5775
5775
5775
5775
5775
5775
5775
5775
5775
5775
5775
5775
5775
5775
5775
5775
5775
5775
5775
5775
5775
5775
5775
5775
5775
5775
5775
5775
5775
5775
5775
5775
5775
5775
5775
5775
5775
5775
5775
5775
5775
5775
5775
5775
5775
5775
5775
5775
5775
5775
5775
5775
5775
5775
5775
5775
5775
5775
5775
5775
5775
5775
5775
5775
5775
5775
5775
5775
5775
5775
5775
5775
5775
5775
5775
5775
5775
5775
5775
5775
5775
5775
5775
5776
5776
5776
5776
5776
5776
5776
5776
5776
5776
5776
5776
5776
5776
5776
5776
5776
5776
5776
5776
5776
5776
5776
5776
5776
5776
5776
5776
5776
5776
5776
5776
5776
5776
5776
5776
5776
5776
5776
5776
5776
5776
5776
5776
5776
5776
5776
5776
5776
5776
5776
5776
5776
5776
5776
5776
5776
5776
5776
5776
5776
5776
5776
5776
5776
5776
5776
5776
5776
5776
5776
5776
5776
5776
5776
5776
5776
5776
5776
5776
5776
5776
5776
5776
5776
5776
5776
5776
5776
5776
5776
5776
5776
5776
5776
5776
5776
5776
5776
5776
5776
5776
5776
5776
5776
5776
5776
5776
5776
5776
5776
5776
5776
5776
5776
5776
5776
5776
5776
5776
5776
5776
5776
5776
5776
5776
5776
5776
5776
5776
5776
5776
5776
5776
5776
5776
5776
5776
5776
5776
5776
5776
5776
5776
5776
5776
5776
5776
5776
5776
5776
5776
5776
5776
5776
5776
5776
5777
5777
5777
5777
5777
5777
5777
5777
5777
5777
5777
5777
5777
5777
5777
5777
5777
5777
5777
5777
5777
5777
5777
5777
5777
5777
5777
5777
5777
5777
5777
5777
5777
5777
5777
5777
5777
5777
5777
5777
5777
5777
5777
5777
5777
5777
5777
5777
5777
5777
5777
5777
5777
5777
5777
5777
5777
5777
5777
5777
5777
5777
5777
5777
5777
5777
5777
5777
5777
5777
5777
5777
5777
5777
5777
5777
5777
5777
5777
5777
5777
5777
5777
5777
5777
5777
5777
5777
5777
5777
5777
5777
5777
5777
5777
5777
5777
5777
5777
5777
5777
5777
5777
5777
5777
5777
5777
5777
5777
5777
5777
5777
5777
5777
5777
5777
5777
5777
5777
5777
5777
5777
5777
5777
5777
5777
5777
5777
5777
5777
5777
5777
5777
5777
5777
5777
5777
5777
5777
5777
5777
5777
5777
5777
5777
5777
5777
5777
5777
5777
5777
5777
5777
5777
5777
5777
5777
5777
5777
5777
5777
5777
5777
5777
5777
5777
5777
5777
5778
5778
5778
5778
5778
5778
5778
5778
5778
5778
5778
5778
5778
5778
5778
5778
5778
5778
5778
5778
5778
5778
5778
5778
5778
5778
5778
5778
5778
5778
5778
5778
5778
5778
5778
5778
5778
5778
5778
5778
5778
5778
5778
5778
5778
5778
5778
5778
5778
5778
5778
5778
5778
5778
5778
5778
5778
5778
5778
5778
5778
5778
5778
5778
5778
5778
5778
5778
5779
5779
5779
5779
5779
5779
5779
5779
5779
5779
5779
5779
5780
5780
5780
5780
5780
5780
5780
5780
5780
5780
5780
5780
5780
5780
5780
5780
5780
5780
5780
5780
5780
5780
5780
5780
5780
5780
5780
5780
5780
5780
5780
5780
5780
5780
5782
5782
5787
5787
5787
5787
5787
5787
5789
5789
5789
5789
5789
5789
5789
5789
5789
5789
5789
5789
5789
5789
5789
5789
5790
5790
5790
5790
5790
5790
5790
5790
5790
5790
5790
5790
5790
5790
5790
5790
5790
5791
5791
5791
5791
5791
5791
5791
5791
5791
5791
5791
5791
5791
5791
5791
5791
5791
5791
5791
5791
5791
5791
5791
5791
5791
5791
5791
5791
5791
5791
5791
5791
5791
5791
5791
5791
5791
5791
5791
5791
5791
5791
5791
5791
5791
5791
5791
5791
5791
5791
5791
5791
5791
5791
5791
5791
5791
5791
5791
5791
5791
5791
5791
5791
5791
5791
5791
5791
5791
5791
5791
5791
5791
5791
5791
5791
5791
5791
5791
5791
5791
5791
5791
5791
5791
5791
5791
5791
5791
5791
5791
5791
5791
5791
5791
5791
5791
5791
5791
5791
5791
5791
5791
5791
5791
5791
5791
5791
5791
5791
5791
5791
5791
5791
5791
5791
5791
5791
5791
5791
5791
5791
5791
5791
5791
5791
5791
5791
5791
5791
5791
5791
5791
5791
5791
5791
5791
5791
5791
5791
5791
5791
5791
5791
5791
5791
5791
5791
5791
5791
5791
5791
5791
5791
5791
5791
5791
5791
5791
5791
5791
5791
5791
5791
5791
5791
5791
5791
5791
5791
5791
5791
5791
5791
5791
5791
5791
5791
5791
5791
5791
5791
5791
5791
5791
5791
5791
5791
5791
5791
5791
5791
5791
5791
5791
5791
5791
5791
5791
5791
5791
5791
5791
5791
5791
5791
5791
5791
5791
5791
5791
5791
5791
5791
5791
5791
5791
5791
5791
5791
5791
5791
5791
5791
5791
5791
5791
5791
5791
5791
5791
5791
5791
5791
5791
5791
5791
5791
5791
5791
5791
5791
5791
5791
5791
5791
5791
5791
5791
5791
5791
5791
5791
5791
5791
5791
5791
5791
5791
5791
5791
5791
5791
5791
5791
5791
5791
5791
5791
5791
5791
5791
5791
5791
5791
5791
5791
5791
5791
5791
5791
5791
5791
5791
5791
5791
5791
5791
5791
5791
5791
5791
5791
5791
5791
5791
5791
5791
5791
5791
5791
5791
5791
5791
5791
5791
5791
5791
5791
5791
5791
5791
5791
5791
5791
5791
5791
5791
5791
5791
5791
5791
5791
5791
5791
5791
5791
5791
5791
5791
5791
5791
5791
5791
5791
5791
5791
5791
5791
5791
5791
5791
5791
5791
5791
5791
5791
5791
5791
5791
5791
5791
5791
5791
5791
5791
5791
5791
5791
5791
5791
5791
5791
5791
5791
5791
5791
5791
5791
5791
5791
5791
5791
5791
5791
5791
5791
5791
5791
5791
5791
5791
5791
5791
5791
5791
5791
5791
5791
5791
5791
5791
5791
5791
5791
5791
5791
5791
5791
5791
5791
5791
5791
5791
5791
5791
5791
5791
5791
5791
5791
5791
5791
5791
5791
5791
5791
5791
5791
5791
5791
5791
5791
5791
5791
5791
5791
5791
5791
5791
5791
5791
5791
5791
5791
5791
5791
5791
5791
5791
5791
5791
5791
5791
5791
5791
5791
5791
5791
5791
5791
5791
5791
5791
5791
5791
5791
5791
5791
5791
5791
5791
5791
5791
5791
5791
5791
5791
5791
5791
5791
5791
5791
5791
5791
5791
5791
5791
5791
5791
5791
5791
5791
5791
5791
5791
5791
5791
5791
5791
5791
5791
5791
5791
5791
5791
5791
5791
5791
5791
5791
5791
5791
5791
5791
5791
5791
5791
5791
5791
5791
5791
5791
5791
5791
5791
5791
5791
5791
5791
5791
5791
5791
5791
5791
5791
5791
5791
5791
5791
5791
5791
5791
5791
5791
5791
5791
5791
5791
5791
5791
5791
5791
5791
5791
5791
5791
5791
5791
5791
5791
5791
5791
5791
5791
5791
5791
5791
5791
5791
5791
5791
5791
5791
5791
5791
5791
5791
5791
5791
5791
5791
5791
5791
5791
5791
5791
5791
5791
5791
5791
5791
5791
5791
5791
5791
5791
5791
5791
5791
5791
5791
5791
5791
5791
5791
5791
5791
5791
5791
5791
5791
5791
5791
5791
5791
5791
5791
5791
5791
5791
5791
5791
5791
5791
5791
5791
5791
5791
5791
5791
5791
5791
5791
5791
5791
5791
5791
5791
5791
5791
5791
5791
5791
5791
5791
5791
5791
5791
5791
5791
5791
5791
5791
5791
5791
5791
5791
5791
5791
5791
5791
5791
5791
5791
5791
5791
5791
5791
5791
5791
5791
5791
5791
5791
5791
5791
5791
5791
5791
5791
5791
5791
5791
5791
5791
5791
5791
5791
5791
5791
5791
5791
5791
5791
5791
5791
5791
5791
5791
5791
5791
5791
5791
5791
5791
5791
5791
5791
5791
5791
5791
5791
5791
5791
5791
5791
5791
5791
5791
5791
5791
5791
5791
5791
5791
5791
5791
5791
5791
5791
5791
5791
5791
5791
5791
5791
5791
5791
5791
5791
5791
5791
5791
5791
5791
5791
5791
5791
5791
5791
5791
5791
5791
5791
5791
5791
5791
5791
5791
5791
5791
5791
5791
5791
5791
5791
5791
5791
5797
5797
5799
5800
5806
5806
5806
5806
5813
5814
5818
5818
5818
5819
5820
5829
5829
5829
5829
5829
5829
5836
5836
5836
5836
5836
5845
5845
5847
5848
5850
5850
5850
5850
5850
5850
5850
5850
5850
5850
5850
5850
5850
5850
5850
5850
5850
5850
5850
5850
5850
5850
5850
5850
5850
5850
5850
5850
5850
5850
5855
5855
5855
5855
5855
5855
5855
5855
5855
5855
5855
5855
5855
5855
5855
5855
5855
5855
5855
5855
5855
5855
5855
5855
5855
5855
5855
5855
5855
5855
5855
5855
5855
5855
5855
5855
5855
5855
5855
5855
5855
5855
5855
5855
5855
5855
5855
5855
5855
5855
5855
5855
5855
5855
5855
5855
5855
5855
5855
5855
5855
5855
5855
5855
5855
5855
5855
5855
5856
5856
5856
5856
5856
5856
5856
5856
5856
5856
5856
5856
5856
5856
5856
5856
5856
5856
5856
5856
5856
5856
5856
5856
5856
5863
5863
5863
5863
5863
5863
5863
5863
5863
5864
5864
5864
5864
5864
5864
5864
5864
5864
5864
5864
5864
5864
5864
5864
5864
5864
5864
5864
5864
5864
5864
5864
5866
5866
5866
5866
5866
5866
5866
5866
5866
5866
5866
5866
5866
5866
5866
5866
5867
5867
5867
5867
5867
5867
5867
5867
5867
5867
5867
5867
5867
5867
5867
5867
5867
5867
5867
5867
5867
5867
5867
5867
5867
5867
5867
5867
5867
5867
5868
5868
5868
5868
5868
5868
5868
5868
5868
5868
5868
5868
5868
5874
5874
5874
5874
5874
5874
5874
5874
5874
5874
5874
5874
5874
5874
5874
5874
5874
5874
5874
5874
5874
5874
5874
5874
5874
5874
5874
5874
5874
5874
5874
5879
5879
5879
5880
5880
5880
5880
5880
5880
5881
5881
5881
5881
5881
5881
5881
5881
5881
5888
5888
5888
5888
5888
5888
5889
5889
5892
5892
5892
5892
5893
5893
5900
5901
5901
5901
5901
5902
5902
5910
5912
5913
5914
5914
5914
5920
5921
5921
5922
5922
5928
5929
5929
5931
5931
5932
5937
5937
5937
5938
5938
5938
5942
5943
5943
5943
5944
5946
5946
5946
5947
5947
5947
5947
5949
5949
5950
5951
5956
5956
5957
5958
5961
5961
5961
5961
5961
5961
5962
5962
5962
5962
5962
5965
5965
5965
5965
5965
5965
5965
5965
5966
5966
5966
5966
5968
5968
5968
5968
5968
5968
5968
5968
5968
5969
5969
5969
5969
5969
5969
5969
5969
5969
5969
5971
5971
5971
5971
5971
5971
5972
5972
5972
5972
5972
5972
5972
5972
5972
5972
5972
5972
5973
5973
5973
5973
5975
5983
5983
5983
5983
5983
5983
5983
5983
5983
5984
5988
5990
5990
5993
5993
5993
5995
5995
5996
5996
5996
5996
5996
5996
5996
5999
6002
6002
6004
6004
6004
6005
6008
6010
6010
6011
6012
6012
6012
6012
6012
6036
6036
6036
6037
6037
6037
6037
6038
6038
6039
6039
6039
6039
6043
6046
6046
6046
6046
6047
6047
6047
6049
6050
6050
6050
6050
6050
6051
6053
6053
6055
6057
6057
6058
6059
6060
6062
6062
6063
6064
6064
6064
6064
6065
6069
6069
6069
6071
6073
6073
6075
6078
6078
6078
6079
6082
6083
6085
6086
6090
6092
6094
6097
6097
6100
6100
6103
6107
6112
6112
6113
6115
6116
6119
6121
6121
6121
6121
6122
6122
6124
6126
6128
6131
6132
6132
6133
6133
6134
6135
6135
6135
6136
6138
6138
6139
6139
6140
6140
6141
6142
6142
6159
6161
6161
6170
6170
6170
6170
6170
6170
6170
6170
6170
6170
6170
6170
6170
6170
6170
6170
6170
6170
6170
6170
6170
6170
6170
6170
6170
6170
6170
6170
6170
6170
6170
6170
6170
6170
6170
6170
6170
6170
6170
6170
6170
6170
6170
6171
6171
6171
6171
6171
6171
6171
6171
6185
6185
6185
6185
6185
6185
6185
6185
6185
6185
6185
6185
6185
6185
6185
6185
6185
6185
6185
6185
6185
6185
6185
6185
6185
6185
6185
6185
6185
6185
6185
6185
6185
6185
6185
6185
6185
6185
6185
6185
6185
6185
6185
6185
6185
6185
6186
6186
6186
6186
6186
6186
6186
6186
6186
6186
6186
6186
6186
6186
6186
6187
6187
6187
6187
6187
6187
6187
6187
6187
6187
6187
6187
6187
6187
6187
6187
6187
6187
6187
6187
6187
6187
6187
6189
6189
6189
6189
6189
6189
6189
6189
6189
6189
6189
6189
6191
6191
6191
6191
6191
6191
6191
6191
6191
6191
6191
6191
6191
6191
6191
6193
6193
6193
6193
6193
6193
6193
6193
6193
6193
6193
6193
6193
6193
6193
6193
6193
6193
6193
6193
6193
6193
6193
6193
6193
6193
6193
6193
6193
6193
6193
6193
6193
6194
6194
6194
6194
6194
6194
6194
6194
6194
6194
6194
6194
6195
6195
6195
6195
6195
6195
6195
6195
6195
6195
6195
6195
6195
6195
6195
6195
6195
6195
6195
6195
6195
6195
6195
6195
6195
6195
6195
6195
6195
6195
6195
6195
6195
6195
6195
6195
6195
6195
6195
6195
6195
6199
6199
6199
6199
6199
6199
6199
6199
6199
6200
6200
6200
6200
6200
6200
6200
6200
6200
6200
6200
6200
6200
6200
6200
6200
6200
6203
6203
6203
6203
6203
6203
6203
6203
6203
6203
6203
6203
6203
6203
6203
6203
6203
6203
6203
6203
6203
6203
6203
6203
6203
6203
6203
6203
6203
6203
6203
6203
6203
6203
6203
6203
6203
6204
6204
6205
6205
6205
6205
6205
6205
6205
6205
6206
6206
6208
6208
6208
6208
6208
6209
6210
6210
6211
6212
6212
6212
6213
6213
6214
6215
6215
6215
6217
6217
6218
6218
6219
6223
6225
6226
6226
6226
6226
6226
6226
6226
6226
6226
6226
6226
6226
6226
6226
6226
6226
6226
6226
6226
6226
6226
6226
6226
6226
6226
6226
6226
6226
6226
6226
6226
6226
6226
6226
6226
6226
6226
6226
6226
6226
6226
6226
6226
6226
6226
6226
6226
6226
6226
6226
6226
6226
6226
6226
6226
6226
6226
6226
6226
6226
6226
6226
6226
6226
6226
6226
6226
6226
6226
6226
6226
6226
6226
6226
6226
6226
6226
6226
6226
6226
6226
6226
6226
6226
6226
6226
6226
6226
6226
6226
6226
6226
6226
6226
6226
6226
6226
6226
6226
6226
6226
6226
6226
6226
6226
6226
6226
6226
6226
6226
6226
6226
6226
6226
6226
6226
6226
6226
6226
6226
6226
6226
6226
6227
6227
6227
6227
6227
6227
6227
6227
6227
6227
6227
6227
6227
6227
6227
6227
6227
6227
6227
6227
6227
6227
6227
6227
6227
6227
6227
6227
6227
6227
6227
6227
6227
6227
6227
6227
6227
6227
6227
6227
6227
6227
6227
6227
6227
6227
6227
6227
6227
6227
6227
6227
6227
6227
6227
6227
6227
6227
6227
6227
6227
6227
6227
6227
6227
6227
6227
6227
6227
6227
6228
6228
6228
6228
6228
6228
6228
6228
6228
6228
6228
6228
6228
6228
6228
6228
6228
6228
6228
6228
6228
6228
6228
6228
6228
6228
6228
6228
6228
6228
6228
6228
6228
6228
6228
6228
6228
6228
6228
6228
6228
6228
6228
6228
6228
6228
6228
6228
6228
6228
6228
6228
6228
6228
6228
6228
6228
6228
6228
6228
6228
6228
6228
6228
6228
6228
6228
6228
6228
6228
6228
6228
6228
6228
6228
6228
6228
6228
6228
6228
6228
6228
6228
6228
6228
6228
6228
6228
6228
6228
6228
6228
6228
6228
6228
6228
6228
6228
6228
6228
6228
6228
6228
6228
6228
6228
6228
6228
6228
6228
6228
6228
6228
6228
6228
6228
6228
6228
6228
6228
6228
6228
6228
6228
6228
6228
6228
6228
6228
6228
6228
6228
6228
6228
6228
6228
6228
6228
6228
6228
6228
6228
6228
6228
6228
6228
6228
6228
6228
6228
6228
6228
6228
6228
6228
6228
6228
6228
6228
6228
6228
6228
6228
6228
6228
6228
6229
6229
6229
6229
6229
6229
6229
6229
6229
6229
6229
6229
6229
6229
6229
6229
6229
6229
6229
6229
6229
6229
6229
6229
6229
6229
6229
6229
6229
6229
6229
6229
6229
6229
6229
6229
6229
6229
6229
6229
6229
6229
6229
6229
6229
6229
6229
6229
6229
6229
6229
6229
6229
6229
6229
6229
6229
6229
6229
6229
6229
6229
6229
6229
6229
6229
6229
6229
6229
6229
6229
6229
6229
6229
6229
6229
6229
6229
6229
6229
6229
6229
6229
6229
6229
6229
6230
6230
6230
6230
6230
6230
6230
6230
6230
6230
6230
6230
6230
6230
6230
6230
6230
6230
6230
6230
6230
6230
6230
6230
6230
6230
6230
6230
6230
6230
6230
6230
6230
6230
6230
6230
6230
6230
6230
6230
6230
6230
6230
6230
6230
6230
6230
6230
6230
6230
6230
6230
6230
6230
6230
6230
6230
6230
6230
6230
6230
6230
6230
6230
6230
6230
6230
6230
6230
6230
6230
6230
6230
6230
6230
6230
6231
6231
6231
6231
6231
6231
6231
6231
6231
6231
6231
6231
6231
6231
6231
6231
6231
6231
6231
6231
6231
6231
6231
6231
6231
6231
6231
6231
6231
6231
6231
6231
6231
6231
6231
6231
6231
6231
6231
6231
6231
6231
6231
6231
6231
6231
6231
6231
6231
6231
6231
6231
6231
6231
6231
6231
6231
6231
6231
6231
6231
6231
6232
6232
6232
6232
6232
6232
6232
6232
6232
6232
6232
6232
6232
6232
6232
6232
6232
6232
6232
6232
6232
6232
6233
6233
6233
6233
6233
6233
6233
6233
6233
6233
6233
6233
6233
6233
6233
6233
6233
6233
6233
6233
6233
6233
6233
6233
6233
6233
6233
6233
6233
6233
6233
6233
6233
6233
6233
6233
6233
6233
6233
6233
6233
6233
6233
6233
6233
6233
6233
6233
6233
6233
6233
6233
6233
6233
6233
6233
6233
6233
6235
6235
6235
6235
6235
6235
6235
6235
6235
6235
6235
6235
6235
6235
6235
6235
6235
6235
6235
6235
6236
6236
6236
6236
6236
6236
6236
6236
6236
6236
6236
6236
6236
6236
6236
6236
6236
6236
6236
6236
6236
6236
6236
6236
6236
6236
6238
6238
6238
6238
6238
6238
6238
6238
6239
6241
6241
6241
6241
6241
6242
6243
6243
6243
6244
6244
6245
6246
6249
6249
6250
6250
6250
6253
6255
6255
6255
6256
6256
6256
6257
6257
6257
6257
6258
6259
5705
5710
5712
5714
5717
5717
5718
5718
5720
5721
5721
5722
5722
5722
5723
5723
5723
5723
5726
5729
5732
5732
5732
5732
5735
5735
5736
5738
5738
5740
5741
5742
5742
5742
5742
5744
5744
5744
5745
5746
5746
5749
5751
5753
5753
5753
5753
5755
5755
5759
5759
5759
5761
5763
5763
5763
5766
5771
5771
5771
5773
5775
5780
5781
5782
5789
5790
5790
5790
5800
5800
5800
5800
5803
5810
5810
5810
5810
5810
5810
5810
5817
5817
5817
5817
5817
5817
5817
5817
5818
5819
5819
5820
5821
5826
5826
5827
5828
5830
5831
5831
5832
5835
5835
5835
5835
5837
5848
5850
5855
5859
5872
5872
5872
5872
5882
5882
5884
5884
5887
5887
5889
5889
5889
5896
5896
5896
5896
5897
5897
5897
5897
6239
0
0
0
0
0
0
0
0
5918
5918
5918
5918
5918
5918
5918
5918
5918
5918
5918
5918
5918
5918
5918
5918
5918
5918
5918
5918
5918
5918
5918
5918
5918
5918
