1498776298
1498796874
1498841387
1498845741
1498847039
1498863927
1499484666
1500099879
1500720868
1501329343
1501968683
1502583337
1504676941
1505293248
1505902206
1506164361
1506205719
1506819493
1507448072
1508365592
1508976411
1509583851
1510190459
1510822202
1512777823
1513386007
1513992410
1514621055
1515233978
1515856383
1516501113
1517116299
1517739557
1524325645
1524326308
1524526551
1524543644
1524544387
1524545066
1524545473
1524580799
1524581444
1524584291
1524585011
1524616299
1524720788
1524842242
1524939637
1525327384
1525522081
1525824958
1526280166
1538100025
1543241726
